-1.804672
-0.400779
-0.46378
-0.661498
0.653688
0.331287
1.759661
0.508344
0.889287
0.174422
-0.94545
1.851682
-0.386058
0.552046
0.401401
0.762989
0.776604
0.215316
1.322591
0.284159
-0.088467
1.070148
0.765746
-0.487851
1.598641
-0.162849
-0.008445
-0.056963
-0.087082
1.571008
-1.741619
-0.854557
1.180034
-0.627497
0.377144
0.31462
-0.257812
-0.011703
0.032174
-0.849011
-0.428246
0.07954
-0.074322
0.453293
-0.120572
0.635118
0.832351
1.634907
0.018114
1.96051
-0.021189
1.013824
0.08235
1.804298
0.656527
-0.342896
-0.585115
1.429785
-0.646084
0.852384
1.857048
-1.140112
0.688751
1.7193
0.428064
-1.746898
-1.174969
1.687303
-0.824102
0.698118
0.193223
-0.505785
0.608645
1.399046
1.233806
0.239221
-0.796785
-0.002893
-0.541795
0.766295
-0.43945
-1.154805
-0.40203
0.641512
-0.293012
-0.608302
-1.595765
-0.272161
-0.947372
-0.175017
-0.770159
-0.263467
0.744935
0.364438
-0.432866
0.769518
-1.42206
-1.330418
-1.243077
1.346288
0.590137
-0.665679
1.182465
0.95602
-0.605889
0.818151
-0.313545
-0.750716
-0.216717
-0.018462
-0.080673
-0.654993
-1.266918
0.349449
0.155006
0.266484
-0.446347
0.504628
-0.457433
0.488973
0.643577
-1.780025
0.131172
-0.25217
0.746488
0.369194
0.937037
0.399565
-1.962705
1.371585
-0.388289
1.665602
0.176891
-0.250809
-0.912568
-0.92258
0.88721
0.433599
0.640454
-1.768999
-0.745736
-0.420006
0.127963
-0.545776
0.781825
0.714835
0.536721
0.869905
-0.843587
0.338608
0.263283
-1.473656
-1.745634
0.664626
-0.190327
0.802274
0.083307
-0.448004
-0.154029
0.832806
-0.668341
0.564784
0.557946
-0.969182
1.776997
-1.612652
-0.674037
1.45107
1.321009
-0.404264
0.528338
-0.033351
0.996818
1.231899
-1.592505
-0.936355
-0.687347
0.597411
-0.633426
-0.290043
1.655617
-0.011427
0.064373
-0.237806
0.738011
-0.486529
-0.923815
-0.880103
0.89907
0.460407
1.180526
-1.802
-1.439321
0.288108
0.782292
0.074145
0.841428
-0.945758
-0.310016
-0.030239
0.18866
0.553528
-0.86469
-0.776574
-0.505701
1.549062
0.718678
-0.729866
-0.455916
0.682926
1.87171
0.989513
-0.105674
1.055268
-0.845017
-0.467094
-1.183859
0.038009
0.978863
1.155875
0.838623
1.742068
-0.938211
-1.838045
0.993823
-0.294508
0.463036
-1.598516
0.489787
0.409947
-0.084621
0.945312
-0.221479
0.183369
-0.387731
-0.136938
-0.300118
-0.061191
-0.928251
-1.705603
0.789678
-0.08854
0.384176
-0.567362
-0.796373
-1.647475
1.779363
1.715533
-0.569499
-0.809455
0.03407
0.120591
-0.893792
-0.699456
-0.408033
-0.583198
0.01423
1.822918
0.260863
-0.80942
-0.591079
-0.384264
1.109402
0.02744
-1.853865
-0.062294
0.184078
0.473842
0.126573
-0.887913
-0.611068
-1.635356
-0.467559
-1.209561
0.78273
-0.825381
-0.904498
-0.770294
-0.954079
-0.339939
-0.59863
-0.019912
0.337269
0.432991
-0.534541
-0.290881
-0.301986
-0.683081
-0.320382
0.607518
-0.541146
-1.545982
0.165858
0.649894
-0.476327
-0.99425
-0.444069
-1.245792
0.733248
-0.663349
-0.781725
0.867375
-0.804833
0.814711
-0.817536
0.751353
0.011924
1.558283
-1.524683
0.644838
0.261237
1.745513
0.3261
-0.903971
-0.898625
0.798509
0.884325
1.210258
1.135162
-0.535944
0.896308
1.270314
0.583683
-1.756634
-0.734151
-1.15078
-1.313867
0.252635
0.174873
-0.987286
0.523779
0.95191
0.535291
0.494765
0.399317
-0.010505
-0.905892
-0.283473
-0.198341
-0.401467
1.507827
-0.317507
-0.99763
0.192512
0.540847
0.136565
-0.56766
-0.673543
0.090714
0.088487
-0.044598
-0.746087
0.159599
-0.819024
1.89701
1.62612
-1.655123
-0.90923
0.961235
-0.026986
-0.436441
0.126289
1.550809
-0.460445
-1.589091
-0.933846
-0.011285
0.953688
-0.908393
0.61471
-1.709888
-0.571735
0.841722
-0.112087
-1.146557
-0.344915
0.973195
-0.310562
-0.520013
-0.24419
-0.432284
-1.809447
-0.534135
0.129649
-0.40063
-1.340553
-0.565743
-0.134137
0.33256
0.594123
-0.124254
0.724454
-0.916108
1.834742
-0.583718
0.450429
-0.838985
-0.033892
-1.551346
-0.720422
0.356725
0.834961
1.320591
0.147272
1.054319
-0.385396
0.406907
-0.126321
-0.307051
-0.099557
1.650689
0.339481
1.440023
0.771236
0.742686
0.307829
1.114735
-0.232765
0.777433
-0.695655
0.936179
-0.792003
1.00139
0.362511
