0.25085
0.807013
0.927047
-0.997091
0.411672
0.170501
-1.965214
0.313335
0.850477
-0.511039
0.815277
0.493346
0.619055
0.971715
-0.87833
-1.062609
0.726318
-0.267822
1.565994
-0.314442
-1.67859
0.004535
0.347029
-0.80939
-0.938407
-0.922245
-0.647944
-0.610791
1.294529
-1.220177
1.89025
-1.824082
0.299011
0.62178
0.105669
-0.636301
-0.236461
1.919127
-0.09513
-0.998348
1.017132
-0.999769
-0.662429
0.914827
-1.278841
0.986257
1.312213
0.646275
-0.134482
-1.721782
0.360337
-1.972192
-1.669636
0.019772
0.172735
-0.360039
0.144493
0.907298
0.619609
0.702024
1.188266
1.527092
0.530837
-0.722093
-0.246275
0.161184
-0.033217
0.077725
-0.109574
0.969455
-1.024396
-0.610571
1.329707
0.966624
-0.969162
-0.867103
-0.264148
-0.277683
-0.412094
1.046857
-0.59683
0.216137
0.164827
-0.275163
-0.353626
-0.142975
-0.551584
1.150404
1.182575
-0.420592
-0.822943
-0.867363
1.898888
-0.581701
0.637248
-0.064612
-0.775193
-1.548905
-0.82228
-0.326094
0.72784
-0.212243
0.672567
1.884839
-0.18843
-1.230194
-0.741667
-0.091046
0.955563
-1.671982
0.289301
-0.63879
-0.36289
0.377749
0.78426
1.986857
0.54172
0.006185
1.923835
-0.127731
-1.287418
-1.376333
1.366257
0.755174
-0.284771
0.892957
-0.721553
-0.864286
-0.667216
-0.880044
0.391217
-0.213602
-1.775845
0.384642
-0.540356
-0.653021
0.995631
0.34627
-0.244889
0.045748
0.162212
-0.78686
0.360791
0.240597
-1.862985
-1.875106
-0.306029
0.015167
0.03476
0.399356
1.639492
-1.692101
0.263242
-0.43257
-0.821622
0.847159
-0.890703
-1.45939
1.83307
0.230216
0.145948
-0.824279
0.068757
-0.386634
1.34713
-0.707566
0.151969
-0.561919
-0.221755
0.701696
1.080822
-0.18566
1.35339
0.595352
-1.517466
0.540889
0.712522
-0.359424
0.644389
1.781601
0.942361
-1.179915
1.620342
-1.60073
-1.839914
-0.834651
-1.114247
0.791788
-0.165039
-0.313592
0.149267
0.590025
0.870018
-1.37571
-0.607619
1.805549
0.424848
0.22271
1.020948
-0.483171
0.296921
-0.857206
0.676963
0.352377
1.240878
-0.246509
-0.534148
-1.568926
-1.576294
-1.018268
-1.155849
-0.796297
0.544417
0.320287
1.130748
0.321175
-0.93963
0.579682
0.982658
-1.388028
-0.056916
1.646974
-0.7708
0.476664
-0.111164
-1.311656
-0.750312
-0.556679
-0.674555
-0.287135
-0.817617
-0.91503
0.493375
1.255015
0.513844
0.680287
0.008624
-0.815384
1.378148
-0.52038
-0.869115
1.276496
0.663313
-0.053955
0.713217
-0.434653
-0.166852
0.784459
0.203182
0.001113
-0.698949
-0.836536
1.762067
1.01246
0.775216
-0.372668
1.002907
-0.290305
0.931933
0.937948
-0.656241
0.387796
0.570094
0.522828
0.273743
-0.35074
0.070979
-0.598426
1.74771
-0.874555
0.03283
0.940018
-0.240907
-0.704477
-0.440747
-0.315659
-0.454424
0.490454
-1.789604
0.720941
0.291157
-0.256981
0.243649
0.012371
-0.145697
1.059667
-1.108844
-0.704794
0.932038
1.002498
0.350889
0.836117
0.620462
-1.260241
0.591831
-0.083803
-0.204564
0.061916
-0.465798
-0.136711
0.702774
-1.636261
-0.43776
0.984289
-0.013587
0.876031
-0.965986
0.886272
1.049954
-0.116677
0.042836
-0.488665
0.684429
0.013311
-0.397208
-0.032288
0.224838
0.106297
0.686616
0.873905
-0.411222
-0.965115
0.365684
0.533491
0.295532
-0.314538
-0.19261
0.093677
0.718112
1.594724
1.733288
-0.899281
1.381041
1.293239
0.657263
-1.248059
0.084979
-1.866723
-0.401359
1.024327
0.589804
-0.323404
0.34025
-0.842313
-0.523329
0.297239
0.765723
-0.619372
0.702683
0.517512
0.489457
-1.189115
0.21311
-0.858288
0.997708
1.67179
0.499685
-1.56893
-0.853692
0.972415
-0.39846
0.098664
0.145651
0.691308
-0.366401
-0.327075
-1.009044
-0.076525
-0.338298
-0.992321
0.407934
-0.508732
-0.060076
0.324821
-0.19847
-0.387259
-0.959107
-0.13726
0.541738
1.797193
-0.765114
0.997877
-1.239706
-1.237564
0.100991
-0.745568
0.59053
1.120606
0.585751
-0.919906
-1.528018
-0.003578
-0.298923
-1.848534
-0.66836
0.029756
-0.270759
0.927959
-0.260395
0.757423
-0.798164
-0.74977
-1.356146
-0.331281
0.485652
0.303257
-0.540719
-0.433663
-1.791463
0.787199
1.266456
1.265465
-0.333579
0.785064
0.018955
1.077575
-0.007533
0.162144
-0.795652
0.129337
0.01833
-0.36869
-0.826527
-1.005389
