-0.799282
-0.517243
-0.083612
-0.178862
1.631851
-0.349664
-0.957399
-0.721411
-0.089175
0.248862
-0.153984
0.05249
0.880286
-0.245049
0.29698
-0.44763
0.923124
1.477442
1.242621
1.123126
-1.225905
0.904644
1.984538
0.667658
-0.558785
-0.663149
1.225693
-0.502084
-0.523606
0.099665
1.829703
1.142152
-0.427603
0.965705
0.636241
0.78411
0.168826
-0.786844
0.183697
-1.889576
-1.912431
-1.717408
0.743805
0.779783
0.452807
0.224835
0.996514
0.994966
-0.781766
-0.449913
-1.733206
0.737834
0.190167
0.462327
-0.303335
0.777689
-0.958898
1.296233
-0.148215
-0.215544
0.124387
-0.850881
-0.682909
1.379655
-0.596667
0.487621
0.045295
0.465703
-0.48433
1.296643
-1.556939
-0.963583
-1.064847
-0.291333
-0.545531
-0.072137
-0.002066
-0.42168
0.938793
-0.376024
1.457858
-0.116897
-0.208424
0.163262
-1.312203
-1.693384
-0.371235
0.04998
-0.582609
0.493114
1.766551
1.507127
-0.068776
0.452025
0.573491
-0.670087
-1.272535
0.919677
-0.213768
-1.417393
-0.1842
0.808216
0.777794
1.531414
-0.44443
0.63149
-0.501554
-0.211757
-0.580541
-0.940925
-0.743492
-0.353563
-0.947876
0.92289
-1.41138
-0.843032
0.732352
-0.453012
0.66975
-0.761085
-0.484363
-1.193945
-0.493944
-0.118008
1.145523
0.179257
0.281984
0.531007
0.366837
0.058214
0.194931
-0.52057
-0.326103
0.703192
0.071963
-1.707414
-0.264136
-0.168659
-0.573689
0.192825
1.535911
-0.148157
-1.531249
-0.345893
0.812465
0.04638
-0.602527
-0.765498
-0.929196
-0.90579
-0.138258
0.821701
-0.772977
-0.927369
-0.424806
0.301085
1.675336
0.625366
-0.989962
0.837132
1.615327
-0.932435
0.957851
0.298357
1.716514
-0.036509
-0.110927
-0.71225
1.298252
0.005936
1.85593
-0.971063
0.838193
-1.96265
-0.424864
0.496023
0.997885
0.342871
-0.643264
0.363209
-0.749001
-0.900893
0.470085
0.207436
-0.698191
-0.651287
0.359528
0.520052
-1.506928
-0.980985
1.920607
1.703118
-0.452858
0.581344
1.480312
-0.237199
-0.243439
-1.145164
1.91422
0.136887
-0.480028
0.907456
0.928916
0.74984
-1.727526
0.348583
-1.476225
0.180727
1.802764
0.689503
1.16834
0.593064
0.611754
-0.789647
-1.785177
-0.231695
0.900729
1.200302
-0.356405
0.736273
-0.014655
0.404179
0.431577
-0.588059
0.209768
0.664029
-0.568796
-0.314839
-0.680902
1.381535
-0.861877
0.473176
-0.946146
-0.965601
0.143985
0.804173
-0.838443
0.852452
0.611621
0.263619
-0.250222
0.729819
0.896076
-0.849427
-1.561481
-0.829287
0.624362
-1.21018
-0.79971
1.321787
-0.460842
0.261476
0.59143
-0.128549
0.396073
-0.310046
-0.323076
-1.324409
-7e-05
0.091353
1.2845
0.687514
-1.129427
-0.73334
1.843966
0.797417
0.112041
0.096483
0.266893
-1.113883
0.505422
-0.886799
1.196796
-0.755722
-0.30066
1.685015
0.656203
-0.341519
0.052478
1.099129
-0.66536
-0.495068
0.419241
-0.450401
-0.260833
0.833712
1.401805
-0.199631
-0.894352
0.985056
-1.183823
-1.499676
0.838937
0.877264
-0.587087
0.794911
0.585724
1.952036
-1.501221
-0.232272
0.506308
-0.939174
0.850681
0.679103
0.047262
-0.545832
1.245951
-1.275846
0.146572
-0.384289
-0.158715
-0.554892
0.307106
-0.904206
-0.666694
0.351717
-0.057751
0.791077
0.826236
0.903594
-0.261842
1.516855
1.140258
0.889365
-0.448355
-0.480262
-1.218126
0.865777
-0.756399
0.430443
1.45462
-0.873471
1.335053
0.041328
1.136996
1.516343
-0.057975
-0.094237
-0.921093
0.793125
-0.16774
0.938407
0.739494
0.503718
-1.209629
-0.231611
-0.940459
-0.246674
-1.17614
0.829667
0.442958
0.866817
0.394577
0.933528
-0.986111
-0.350146
-0.480727
1.349695
-1.962156
0.598479
0.205924
-0.965397
0.940985
0.492478
1.381852
0.524276
-1.380779
-0.26872
0.998992
-0.605889
0.340754
-0.527852
0.817525
0.854583
-0.125116
-1.304123
0.519855
-0.722886
0.152954
1.822008
-0.898397
-0.780352
-0.98537
1.318712
-0.969393
-0.971729
-1.808066
-0.938599
-0.031848
-0.992466
-0.167671
1.82951
-1.61174
1.258098
0.804772
-1.555897
1.415298
-0.827921
0.24258
-0.929158
-1.021346
-1.541172
1.175815
0.722707
-0.488849
0.801001
0.53556
1.937242
-0.635133
1.785433
-0.50972
0.999712
1.202762
-1.452747
1.282574
0.341498
1.363109
1.22679
0.634003
-0.555858
1.417134
-0.313856
-0.699244
0.983801
