3.0
2.954423
2.954423
2.954423
2.954423
2.954423
2.954423
2.819078
2.819078
2.819078
2.819078
2.819078
2.819078
2.819078
2.819078
2.819078
2.819078
2.819078
2.598076
2.598076
2.598076
2.598076
2.598076
2.598076
2.598076
2.598076
2.598076
2.598076
2.598076
2.598076
2.598076
2.598076
2.598076
2.598076
2.298133
2.298133
2.298133
2.298133
2.298133
2.298133
2.298133
2.298133
2.298133
2.298133
2.298133
2.298133
2.298133
2.298133
2.298133
2.298133
2.298133
2.298133
2.298133
2.298133
2.298133
1.928363
1.928363
1.928363
1.928363
1.928363
1.928363
1.928363
1.928363
1.928363
1.928363
1.928363
1.928363
1.928363
1.928363
1.928363
1.928363
1.928363
1.928363
1.928363
1.928363
1.928363
1.928363
1.928363
1.928363
1.928363
1.928363
1.5
1.5
1.5
1.5
1.5
1.5
1.5
1.5
1.5
1.5
1.5
1.5
1.5
1.5
1.5
1.5
1.5
1.5
1.5
1.5
1.5
1.5
1.5
1.5
1.5
1.5
1.5
1.5
1.5
1.5
1.5
1.02606
1.02606
1.02606
1.02606
1.02606
1.02606
1.02606
1.02606
1.02606
1.02606
1.02606
1.02606
1.02606
1.02606
1.02606
1.02606
1.02606
1.02606
1.02606
1.02606
1.02606
1.02606
1.02606
1.02606
1.02606
1.02606
1.02606
1.02606
1.02606
1.02606
1.02606
1.02606
1.02606
1.02606
1.02606
1.02606
0.520945
0.520945
0.520945
0.520945
0.520945
0.520945
0.520945
0.520945
0.520945
0.520945
0.520945
0.520945
0.520945
0.520945
0.520945
0.520945
0.520945
0.520945
0.520945
0.520945
0.520945
0.520945
0.520945
0.520945
0.520945
0.520945
0.520945
0.520945
0.520945
0.520945
0.520945
0.520945
0.520945
0.520945
0.520945
0.520945
0.520945
0.520945
0.520945
0.520945
0.520945
0.0
0.0
0.0
0.0
0.0
0.0
0.0
0.0
0.0
0.0
0.0
0.0
0.0
0.0
0.0
0.0
0.0
0.0
0.0
0.0
0.0
0.0
0.0
0.0
0.0
0.0
0.0
0.0
0.0
0.0
0.0
0.0
0.0
0.0
0.0
0.0
0.0
0.0
0.0
0.0
0.0
0.0
0.0
0.0
0.0
0.0
-0.520945
-0.520945
-0.520945
-0.520945
-0.520945
-0.520945
-0.520945
-0.520945
-0.520945
-0.520945
-0.520945
-0.520945
-0.520945
-0.520945
-0.520945
-0.520945
-0.520945
-0.520945
-0.520945
-0.520945
-0.520945
-0.520945
-0.520945
-0.520945
-0.520945
-0.520945
-0.520945
-0.520945
-0.520945
-0.520945
-0.520945
-0.520945
-0.520945
-0.520945
-0.520945
-0.520945
-0.520945
-0.520945
-0.520945
-0.520945
-0.520945
-1.02606
-1.02606
-1.02606
-1.02606
-1.02606
-1.02606
-1.02606
-1.02606
-1.02606
-1.02606
-1.02606
-1.02606
-1.02606
-1.02606
-1.02606
-1.02606
-1.02606
-1.02606
-1.02606
-1.02606
-1.02606
-1.02606
-1.02606
-1.02606
-1.02606
-1.02606
-1.02606
-1.02606
-1.02606
-1.02606
-1.02606
-1.02606
-1.02606
-1.02606
-1.02606
-1.02606
-1.5
-1.5
-1.5
-1.5
-1.5
-1.5
-1.5
-1.5
-1.5
-1.5
-1.5
-1.5
-1.5
-1.5
-1.5
-1.5
-1.5
-1.5
-1.5
-1.5
-1.5
-1.5
-1.5
-1.5
-1.5
-1.5
-1.5
-1.5
-1.5
-1.5
-1.5
-1.928363
-1.928363
-1.928363
-1.928363
-1.928363
-1.928363
-1.928363
-1.928363
-1.928363
-1.928363
-1.928363
-1.928363
-1.928363
-1.928363
-1.928363
-1.928363
-1.928363
-1.928363
-1.928363
-1.928363
-1.928363
-1.928363
-1.928363
-1.928363
-1.928363
-1.928363
-2.298133
-2.298133
-2.298133
-2.298133
-2.298133
-2.298133
-2.298133
-2.298133
-2.298133
-2.298133
-2.298133
-2.298133
-2.298133
-2.298133
-2.298133
-2.298133
-2.298133
-2.298133
-2.298133
-2.298133
-2.298133
-2.598076
-2.598076
-2.598076
-2.598076
-2.598076
-2.598076
-2.598076
-2.598076
-2.598076
-2.598076
-2.598076
-2.598076
-2.598076
-2.598076
-2.598076
-2.598076
-2.819078
-2.819078
-2.819078
-2.819078
-2.819078
-2.819078
-2.819078
-2.819078
-2.819078
-2.819078
-2.819078
-2.954423
-2.954423
-2.954423
-2.954423
-2.954423
-2.954423
-3.0
