0.0
0.0
0.451151
0.451151
0.0
-0.451151
-0.451151
0.0
0.55473
0.933337
1.015617
0.775445
0.289075
-0.289075
-0.775445
-1.015617
-0.933337
-0.55473
0.0
0.574025
1.06066
1.385819
1.5
1.385819
1.06066
0.574025
0.0
-0.574025
-1.06066
-1.385819
-1.5
-1.385819
-1.06066
-0.574025
0.0
0.568395
1.086285
1.507655
1.795062
1.922971
1.880015
1.670011
1.31162
0.836685
0.287408
-0.287408
-0.836685
-1.31162
-1.670011
-1.880015
-1.922971
-1.795062
-1.507655
-1.086285
-0.568395
0.0
0.549979
1.067996
1.523944
1.891327
2.148792
2.281377
2.281377
2.148792
1.891327
1.523944
1.067996
0.549979
0.0
-0.549979
-1.067996
-1.523944
-1.891327
-2.148792
-2.281377
-2.281377
-2.148792
-1.891327
-1.523944
-1.067996
-0.549979
0.0
0.522989
1.024567
1.484198
1.883067
2.204842
2.436352
2.568116
2.594742
2.515138
2.332565
2.054496
1.692315
1.260851
0.777768
0.262843
-0.262843
-0.777768
-1.260851
-1.692315
-2.054496
-2.332565
-2.515138
-2.594742
-2.568116
-2.436352
-2.204842
-1.883067
-1.484198
-1.024567
-0.522989
0.0
0.489528
0.964181
1.409539
1.812068
2.159539
2.441393
2.649067
2.77625
2.819078
2.77625
2.649067
2.441393
2.159539
1.812068
1.409539
0.964181
0.489528
0.0
-0.489528
-0.964181
-1.409539
-1.812068
-2.159539
-2.441393
-2.649067
-2.77625
-2.819078
-2.77625
-2.649067
-2.441393
-2.159539
-1.812068
-1.409539
-0.964181
-0.489528
0.0
0.450991
0.89141
1.310936
1.699735
2.048693
2.349632
2.595497
2.780526
2.900382
2.952255
2.93493
2.848813
2.695922
2.479841
2.205634
1.879729
1.509765
1.104414
0.673176
0.226159
-0.226159
-0.673176
-1.104414
-1.509765
-1.879729
-2.205634
-2.479841
-2.695922
-2.848813
-2.93493
-2.952255
-2.900382
-2.780526
-2.595497
-2.349632
-2.048693
-1.699735
-1.310936
-0.89141
-0.450991
0.0
0.4085
0.80939
1.195203
1.558752
1.893264
2.192508
2.45091
2.663656
2.826783
2.937252
2.993006
2.993006
2.937252
2.826783
2.663656
2.45091
2.192508
1.893264
1.558752
1.195203
0.80939
0.4085
0.0
-0.4085
-0.80939
-1.195203
-1.558752
-1.893264
-2.192508
-2.45091
-2.663656
-2.826783
-2.937252
-2.993006
-2.993006
-2.937252
-2.826783
-2.663656
-2.45091
-2.192508
-1.893264
-1.558752
-1.195203
-0.80939
-0.4085
0.0
0.450991
0.89141
1.310936
1.699735
2.048693
2.349632
2.595497
2.780526
2.900382
2.952255
2.93493
2.848813
2.695922
2.479841
2.205634
1.879729
1.509765
1.104414
0.673176
0.226159
-0.226159
-0.673176
-1.104414
-1.509765
-1.879729
-2.205634
-2.479841
-2.695922
-2.848813
-2.93493
-2.952255
-2.900382
-2.780526
-2.595497
-2.349632
-2.048693
-1.699735
-1.310936
-0.89141
-0.450991
0.0
0.489528
0.964181
1.409539
1.812068
2.159539
2.441393
2.649067
2.77625
2.819078
2.77625
2.649067
2.441393
2.159539
1.812068
1.409539
0.964181
0.489528
0.0
-0.489528
-0.964181
-1.409539
-1.812068
-2.159539
-2.441393
-2.649067
-2.77625
-2.819078
-2.77625
-2.649067
-2.441393
-2.159539
-1.812068
-1.409539
-0.964181
-0.489528
0.0
0.522989
1.024567
1.484198
1.883067
2.204842
2.436352
2.568116
2.594742
2.515138
2.332565
2.054496
1.692315
1.260851
0.777768
0.262843
-0.262843
-0.777768
-1.260851
-1.692315
-2.054496
-2.332565
-2.515138
-2.594742
-2.568116
-2.436352
-2.204842
-1.883067
-1.484198
-1.024567
-0.522989
0.0
0.549979
1.067996
1.523944
1.891327
2.148792
2.281377
2.281377
2.148792
1.891327
1.523944
1.067996
0.549979
0.0
-0.549979
-1.067996
-1.523944
-1.891327
-2.148792
-2.281377
-2.281377
-2.148792
-1.891327
-1.523944
-1.067996
-0.549979
0.0
0.568395
1.086285
1.507655
1.795062
1.922971
1.880015
1.670011
1.31162
0.836685
0.287408
-0.287408
-0.836685
-1.31162
-1.670011
-1.880015
-1.922971
-1.795062
-1.507655
-1.086285
-0.568395
0.0
0.574025
1.06066
1.385819
1.5
1.385819
1.06066
0.574025
0.0
-0.574025
-1.06066
-1.385819
-1.5
-1.385819
-1.06066
-0.574025
0.0
0.55473
0.933337
1.015617
0.775445
0.289075
-0.289075
-0.775445
-1.015617
-0.933337
-0.55473
0.0
0.451151
0.451151
0.0
-0.451151
-0.451151
0.0
