0.0
0.520945
0.260472
-0.260472
-0.520945
-0.260472
0.260472
1.02606
0.863177
0.426241
-0.146024
-0.671927
-0.984498
-0.984498
-0.671927
-0.146024
0.426241
0.863177
1.5
1.385819
1.06066
0.574025
0.0
-0.574025
-1.06066
-1.385819
-1.5
-1.385819
-1.06066
-0.574025
-0.0
0.574025
1.06066
1.385819
1.928363
1.842691
1.593288
1.202315
0.70451
0.144107
-0.429101
-0.964181
-1.41359
-1.737395
-1.906825
-1.906825
-1.737395
-1.41359
-0.964181
-0.429101
0.144107
0.70451
1.202315
1.593288
1.842691
2.298133
2.231354
2.034896
1.720177
1.305489
0.814929
0.277009
-0.277009
-0.814929
-1.305489
-1.720177
-2.034896
-2.231354
-2.298133
-2.231354
-2.034896
-1.720177
-1.305489
-0.814929
-0.277009
0.277009
0.814929
1.305489
1.720177
2.034896
2.231354
2.598076
2.544893
2.387522
2.132406
1.789989
1.374289
0.902326
0.393421
-0.13159
-0.651214
-1.144178
-1.590298
-1.971311
-2.271619
-2.478927
-2.584746
-2.584746
-2.478927
-2.271619
-1.971311
-1.590298
-1.144178
-0.651214
-0.13159
0.393421
0.902326
1.374289
1.789989
2.132406
2.387522
2.544893
2.819078
2.77625
2.649067
2.441393
2.159539
1.812068
1.409539
0.964181
0.489528
0.0
-0.489528
-0.964181
-1.409539
-1.812068
-2.159539
-2.441393
-2.649067
-2.77625
-2.819078
-2.77625
-2.649067
-2.441393
-2.159539
-1.812068
-1.409539
-0.964181
-0.489528
-0.0
0.489528
0.964181
1.409539
1.812068
2.159539
2.441393
2.649067
2.77625
2.954423
2.919799
2.816736
2.647652
2.41651
2.128726
1.791046
1.411387
0.998645
0.562496
0.113162
-0.338823
-0.782868
-1.208562
-1.605929
-1.965654
-2.279306
-2.539532
-2.740235
-2.876708
-2.945754
-2.945754
-2.876708
-2.740235
-2.539532
-2.279306
-1.965654
-1.605929
-1.208562
-0.782868
-0.338823
0.113162
0.562496
0.998645
1.411387
1.791046
2.128726
2.41651
2.647652
2.816736
2.919799
3.0
2.972058
2.888752
2.751634
2.563258
2.327134
2.047659
1.730041
1.380195
1.004639
0.610368
0.204727
-0.204727
-0.610368
-1.004639
-1.380195
-1.730041
-2.047659
-2.327134
-2.563258
-2.751634
-2.888752
-2.972058
-3.0
-2.972058
-2.888752
-2.751634
-2.563258
-2.327134
-2.047659
-1.730041
-1.380195
-1.004639
-0.610368
-0.204727
0.204727
0.610368
1.004639
1.380195
1.730041
2.047659
2.327134
2.563258
2.751634
2.888752
2.972058
2.954423
2.919799
2.816736
2.647652
2.41651
2.128726
1.791046
1.411387
0.998645
0.562496
0.113162
-0.338823
-0.782868
-1.208562
-1.605929
-1.965654
-2.279306
-2.539532
-2.740235
-2.876708
-2.945754
-2.945754
-2.876708
-2.740235
-2.539532
-2.279306
-1.965654
-1.605929
-1.208562
-0.782868
-0.338823
0.113162
0.562496
0.998645
1.411387
1.791046
2.128726
2.41651
2.647652
2.816736
2.919799
2.819078
2.77625
2.649067
2.441393
2.159539
1.812068
1.409539
0.964181
0.489528
0.0
-0.489528
-0.964181
-1.409539
-1.812068
-2.159539
-2.441393
-2.649067
-2.77625
-2.819078
-2.77625
-2.649067
-2.441393
-2.159539
-1.812068
-1.409539
-0.964181
-0.489528
-0.0
0.489528
0.964181
1.409539
1.812068
2.159539
2.441393
2.649067
2.77625
2.598076
2.544893
2.387522
2.132406
1.789989
1.374289
0.902326
0.393421
-0.13159
-0.651214
-1.144178
-1.590298
-1.971311
-2.271619
-2.478927
-2.584746
-2.584746
-2.478927
-2.271619
-1.971311
-1.590298
-1.144178
-0.651214
-0.13159
0.393421
0.902326
1.374289
1.789989
2.132406
2.387522
2.544893
2.298133
2.231354
2.034896
1.720177
1.305489
0.814929
0.277009
-0.277009
-0.814929
-1.305489
-1.720177
-2.034896
-2.231354
-2.298133
-2.231354
-2.034896
-1.720177
-1.305489
-0.814929
-0.277009
0.277009
0.814929
1.305489
1.720177
2.034896
2.231354
1.928363
1.842691
1.593288
1.202315
0.70451
0.144107
-0.429101
-0.964181
-1.41359
-1.737395
-1.906825
-1.906825
-1.737395
-1.41359
-0.964181
-0.429101
0.144107
0.70451
1.202315
1.593288
1.842691
1.5
1.385819
1.06066
0.574025
0.0
-0.574025
-1.06066
-1.385819
-1.5
-1.385819
-1.06066
-0.574025
-0.0
0.574025
1.06066
1.385819
1.02606
0.863177
0.426241
-0.146024
-0.671927
-0.984498
-0.984498
-0.671927
-0.146024
0.426241
0.863177
0.520945
0.260472
-0.260472
-0.520945
-0.260472
0.260472
0.0
