-0.109906
-0.480292
0.914287
1.229428
0.231347
-1.186958
-1.572451
-0.872895
0.783171
2.012581
2.502002
2.212747
1.233615
-0.248224
-1.830811
-2.930762
-3.132479
-2.362207
-1.280309
0.445253
1.94086
2.975608
3.479271
3.470527
2.993366
2.089707
0.801453
-0.77584
-2.401735
-3.730564
-4.501044
-4.609859
-4.050452
-2.883131
-1.694458
0.038417
1.635778
2.911021
3.786995
4.264036
4.372086
4.145036
3.610917
2.787068
1.678863
0.294633
-1.300339
-2.923649
-4.326752
-5.328235
-5.859224
-5.913828
-5.498505
-4.620769
-3.316031
-2.106316
-0.405649
1.220622
2.613679
3.691345
4.440274
4.88071
5.041198
4.948386
4.624047
4.083673
3.334457
2.372869
1.186533
-0.225864
-1.804514
-3.392866
-4.795679
-5.879152
-6.598886
-6.961792
-6.984699
-6.674145
-6.023694
-5.02522
-3.694842
-2.505614
-0.869454
0.73802
2.179994
3.371211
4.285387
4.932824
5.33682
5.521446
5.507548
5.312087
4.948088
4.424152
3.743102
2.899912
1.880417
0.666446
-0.740561
-2.276707
-3.801567
-5.157927
-6.245969
-7.03774
-7.546545
-7.795522
-7.801247
-7.568151
-7.088207
-6.344575
-5.321826
-4.025392
-2.880734
-1.337228
0.212961
1.653702
2.900363
3.915258
4.697437
5.263591
5.634672
5.830086
5.866145
5.756094
5.51044
5.137024
4.640629
4.022034
3.276524
2.392364
1.351308
0.137278
-1.238666
-2.706631
-4.141819
-5.419786
-6.467723
-7.269018
-7.838782
-8.200609
-8.37437
-8.371878
-8.195897
-7.840183
-7.290274
-6.526465
-5.531506
-4.304937
-3.218939
-1.792193
-0.332673
1.064279
2.319451
3.387239
4.255143
4.931296
5.43201
5.774538
5.974222
6.043852
5.993851
5.832607
5.566694
5.200842
4.737611
4.176734
3.514121
2.740699
1.841944
0.800744
-0.39109
-1.710236
-3.084094
-4.406809
-5.584135
-6.565119
-7.340622
-7.924803
-8.33861
-8.600957
-8.725495
-8.719911
-8.585967
-8.31951
-7.910437
-7.343193
-6.598986
-5.661544
-4.527445
-3.507016
-2.216302
-0.876067
0.439078
1.659963
2.738293
3.651846
4.399047
4.989621
5.437208
5.755384
5.956125
6.049466
6.043654
5.945403
5.760087
5.491829
5.143421
4.716066
4.208931
3.618507
2.937857
2.156158
1.259721
0.237149
-0.908444
-2.143359
-3.398883
-4.591429
-5.653787
-6.551905
-7.281009
-7.852712
-8.283936
-8.590731
-8.7858
-8.877914
-8.871976
-8.769167
-8.566917
-8.258731
-7.834057
-7.278679
-6.576481
-5.713625
-4.685774
-3.732247
-2.302125
-0.804109
0.654282
1.977017
3.105447
4.021501
4.733403
5.259891
5.620884
5.833855
5.913066
5.869817
5.712891
5.448846
5.082016
4.614174
4.043797
3.364962
2.566145
1.630127
0.53865
-0.711723
-2.082574
-3.480673
-4.789667
-5.923116
-6.847298
-7.567747
-8.106632
-8.487852
-8.730812
-8.848895
-8.849594
-8.734803
-8.500747
-8.137524
-7.628717
-6.952168
-6.083981
-5.00818
-3.883479
-2.325782
-0.682761
0.895434
2.282451
3.41423
4.283273
4.910605
5.323995
5.548557
5.60441
5.506863
5.267031
4.89209
4.384891
3.742834
2.956109
2.006365
0.869847
-0.46475
-1.956872
-3.486545
-4.898575
-6.085606
-7.016885
-7.710125
-8.19757
-8.508326
-8.662964
-8.673067
-8.541644
-8.262941
-7.821558
-7.191935
-6.341036
-5.239239
-3.95198
-2.279639
-0.510981
1.150277
2.547844
3.621196
4.379628
4.85769
5.090479
5.106091
4.92483
4.559645
4.015833
3.289466
2.365158
1.217185
-0.173011
-1.765819
-3.4142
-4.917402
-6.143076
-7.063762
-7.709339
-8.120448
-8.32871
-8.352363
-8.196133
-7.850751
-7.291604
-6.479554
-5.371612
-3.931818
-2.158878
-0.293997
1.39358
2.724173
3.652817
4.209273
4.439255
4.380934
4.059711
3.487077
2.658806
1.554477
0.152507
-1.510678
-3.262388
-4.846913
-6.097203
-6.985695
-7.552512
-7.843403
-7.887246
-7.69142
-7.240248
-6.494447
-5.400836
-3.819757
-1.963399
-0.050048
1.572009
2.714133
3.35887
3.554594
3.34936
2.77033
1.819494
0.48484
-1.197794
-3.031021
-4.687505
-5.943744
-6.762215
-7.187963
-7.263514
-7.000058
-6.371295
-5.322246
-3.614955
-1.702216
0.170243
1.555946
2.278933
2.354156
1.832737
0.746468
-0.848868
-2.722293
-4.436607
-5.659972
-6.319427
-6.448837
-6.061861
-5.123967
-3.31897
-1.409591
0.202554
0.932435
0.651396
-0.546212
-2.34621
-4.083548
-5.161109
-5.392946
-4.764779
-2.936598
-1.259766
-0.774858
-1.959047
-3.583853
-4.043674
-2.477646
