18.381612
17.850769
18.940958
19.437318
18.871782
17.732148
17.228232
17.295221
18.483272
19.524996
20.149677
20.264567
19.780176
18.705893
17.413787
16.442161
16.081658
16.394135
16.728619
17.907956
19.042995
19.929604
20.517819
20.829557
20.848059
20.48728
19.656973
18.423313
17.092604
16.000913
15.305077
15.032376
15.185468
15.766353
16.162625
17.304381
18.448211
19.418621
20.143956
20.651197
20.991251
21.184095
21.199896
20.960837
20.36617
19.366097
18.07126
16.748566
15.63745
14.830959
14.327655
14.11002
14.174972
14.53535
15.20522
15.607479
16.695813
17.815568
18.815983
19.606422
20.186096
20.605559
20.91737
21.150504
21.303203
21.342383
21.204831
20.804409
20.061
18.968745
17.664888
16.381757
15.29624
14.463853
13.870003
13.489503
13.30817
13.324233
13.546857
13.994275
14.684153
15.07255
16.096423
17.171868
18.173198
19.00271
19.631499
20.089726
20.429528
20.696808
20.919698
21.106481
21.246285
21.309404
21.246803
20.991154
20.466758
19.622061
18.488537
17.214313
15.995365
14.960439
14.140269
13.515116
13.059673
12.757982
12.602965
12.593828
12.735227
13.038166
13.520129
14.198688
14.56675
15.517903
16.533536
17.513073
18.362642
19.033525
19.531182
19.894079
20.167867
20.390242
20.585743
20.765474
20.928173
21.060943
21.139077
21.125081
20.96801
20.606419
19.982158
19.073918
17.941381
16.728964
15.593437
14.624283
13.836036
13.208678
12.720016
12.355682
12.108218
11.974451
11.953936
12.048662
12.263794
12.609112
13.099584
13.751063
14.098801
14.971104
15.914098
16.85125
17.70047
18.403949
18.945487
19.344329
19.636615
19.859562
20.04334
20.208577
20.366536
20.520051
20.66431
20.7871
20.868416
20.879562
20.782303
20.529589
20.071372
19.371313
18.436641
17.343453
16.219399
15.181294
14.287508
13.543131
12.93089
12.432989
12.037647
11.738335
11.531748
11.416414
11.392041
11.459406
11.620694
11.880349
12.246299
12.730527
13.34628
13.67742
14.466635
15.32647
16.202122
17.027857
17.74694
18.329053
18.774225
19.103774
19.347586
19.534821
19.689304
19.828114
19.961733
20.094697
20.226227
20.350574
20.457017
20.529477
20.545866
20.477469
20.289132
19.942007
19.401902
18.656014
17.733925
16.714285
15.69855
14.766805
13.954664
13.262868
12.678339
12.187902
11.782515
11.456883
11.208115
11.034686
10.935875
10.911507
10.961893
11.087956
11.291583
11.576305
11.948201
12.416322
12.990919
13.311573
14.197752
15.171994
16.154919
17.05263
17.793893
18.355022
18.75545
19.035986
19.239477
19.400852
19.544135
19.682715
19.820516
19.952953
20.067259
20.142047
20.146285
20.038334
19.7669
19.278241
18.536506
17.558394
16.436848
15.309768
14.286519
13.409386
12.673888
12.062547
11.561394
11.162366
10.861355
10.656367
10.546522
10.531631
10.612081
10.788983
11.06475
11.444341
11.936885
12.555631
13.010787
13.995266
15.084269
16.16544
17.112051
17.8458
18.363045
18.710505
18.948021
19.125994
19.277872
19.419929
19.552954
19.663407
19.723282
19.688843
19.49986
19.084177
18.378276
17.374409
16.17009
14.941577
13.833822
12.898336
12.127211
11.501152
11.007352
10.639557
10.39507
10.272878
10.272876
10.395635
10.642617
11.017233
11.527173
12.186521
12.785448
13.868912
15.06917
16.230391
17.193384
17.888846
18.34779
18.645581
18.852618
19.014267
19.147748
19.24375
19.267285
19.157124
18.827916
18.187887
17.193799
15.932077
14.614298
13.428938
12.442874
11.648747
11.028559
10.572339
10.276293
10.139399
10.161829
10.344455
10.689335
11.2019
11.894797
12.646857
13.828188
15.129071
16.338053
17.274087
17.900988
18.292127
18.538552
18.697374
18.778352
18.743652
18.510671
17.966669
17.025487
15.741019
14.349656
13.094064
12.068403
11.272655
10.693975
10.327071
10.171329
10.227588
10.497161
10.983103
11.694583
12.606798
13.880962
15.258226
16.459468
17.307981
17.822796
18.101087
18.200436
18.097518
17.692754
16.864187
15.609303
14.167785
12.851426
11.804425
11.046367
10.575406
10.393214
10.502364
10.904598
11.60383
12.676538
14.029972
15.429491
16.518042
17.158645
17.40139
17.264773
16.661821
15.531553
14.08323
12.721707
11.689606
11.052186
10.828441
11.026922
11.647216
12.865303
14.261166
15.537224
16.23042
16.211335
15.445134
14.097791
12.725042
11.800096
11.500969
11.87065
13.178426
14.461666
14.96802
14.167082
12.898664
12.43837
13.61527
