7.219668
7.629368
6.929018
6.42098
6.730361
7.349662
7.718357
7.945828
7.30498
6.387256
5.675142
5.471767
5.841025
6.545968
7.139236
7.476826
7.768302
8.028926
8.159679
7.649061
6.754046
5.794035
5.02258
4.576351
4.528017
4.896108
5.588188
6.335234
6.821196
7.010326
7.140346
7.40552
7.804951
8.152663
8.265664
7.899348
7.116478
6.148993
5.218375
4.450255
3.905955
3.625447
3.642552
3.976078
4.597835
5.377245
6.059135
6.412259
6.455602
6.411618
6.48099
6.745965
7.190252
7.718978
8.154212
8.262537
8.041463
7.402313
6.512101
5.568049
4.698977
3.964373
3.391248
2.999635
2.811751
2.851482
3.137385
3.666892
4.385109
5.143412
5.711409
5.926828
5.846956
5.675351
5.589184
5.67339
5.944755
6.38463
6.948506
7.552262
8.052457
8.153129
8.069232
7.586808
6.816685
5.926884
5.0496
4.25368
3.566421
2.999309
2.562106
2.267828
2.133138
2.17643
2.413833
2.851359
3.468909
4.192092
4.866759
5.297791
5.385335
5.212995
4.961915
4.780357
4.740772
4.861215
5.134691
5.545885
6.074624
6.687707
7.320735
7.860207
7.944528
7.981638
7.656904
7.032259
6.239336
5.405198
4.609545
3.888311
3.253954
2.71112
2.264459
1.921408
1.692553
1.590928
1.63064
1.824639
2.180583
2.692565
3.325306
3.991458
4.544309
4.833742
4.814721
4.583634
4.294276
4.065303
3.954859
3.978041
4.129385
4.397219
4.770325
5.239197
5.792527
6.40792
7.036854
7.590474
7.648169
7.783091
7.605877
7.139105
6.47403
5.721047
4.964892
4.252473
3.603296
3.023416
2.514685
2.079283
1.721416
1.447636
1.266528
1.188113
1.222978
1.380958
1.668777
2.085545
2.614108
3.206941
3.772329
4.184607
4.34365
4.246735
3.988988
3.693393
3.450726
3.3061
3.272027
3.344388
3.513136
3.768006
4.101074
4.507313
4.98331
5.52341
6.112176
6.713073
7.257811
7.279531
7.484039
7.433683
7.123642
6.606633
5.966717
5.283411
4.611134
3.978648
3.397823
2.8723
2.403042
1.991148
1.639014
1.350635
1.131506
0.98832
0.928562
0.959938
1.089535
1.322359
1.658679
2.089162
2.586809
3.097013
3.534768
3.80648
3.858819
3.714889
3.457208
3.177919
2.943479
2.788111
2.722526
2.744494
2.846325
3.019193
3.255379
3.549339
3.897998
4.300335
4.755906
5.261657
5.806281
6.36223
6.878236
6.857253
7.132099
7.092751
6.730843
6.12772
5.40331
4.657181
3.94669
3.296287
2.713649
2.200812
1.75968
1.394111
1.11037
0.916825
0.823324
0.840244
0.977016
1.23943
1.624412
2.11006
2.640149
3.112345
3.40012
3.427133
3.229804
2.925929
2.632312
2.419598
2.314509
2.317882
2.419479
2.60649
2.867733
3.195558
3.586464
4.040494
4.558657
5.136806
5.754316
6.358848
6.401631
6.737135
6.695737
6.269217
5.579186
4.784845
3.999336
3.27679
2.636177
2.083349
1.622444
1.260087
1.006175
0.873175
0.874544
1.021947
1.319881
1.754686
2.274366
2.7655
3.068058
3.075962
2.837662
2.508027
2.22523
2.058574
2.024047
2.112069
2.305518
2.588598
2.950705
3.387686
3.900705
4.490923
5.146446
5.819205
5.932775
6.311343
6.247285
5.742839
4.973043
4.133576
3.341493
2.644414
2.059
1.594924
1.263932
1.081347
1.063894
1.22428
1.559698
2.028372
2.514744
2.828663
2.826117
2.561243
2.22544
1.97537
1.875209
1.928622
2.116332
2.41682
2.815287
3.306346
3.891096
4.564225
5.284301
5.468826
5.865141
5.750695
5.158766
4.330148
3.487048
2.742207
2.139886
1.702669
1.451072
1.405238
1.575006
1.93486
2.378606
2.694397
2.690736
2.414204
2.090731
1.894614
1.88271
2.04593
2.357745
2.797366
3.356011
4.027711
4.775158
5.024543
5.405537
5.208133
4.532119
3.692838
2.925626
2.33869
1.982107
1.884599
2.044313
2.379441
2.672392
2.674624
2.401933
2.111641
1.997755
2.108568
2.423205
2.912604
3.555643
4.308844
4.610334
4.934417
4.623353
3.903025
3.168916
2.657875
2.462247
2.562438
2.769553
2.774592
2.523175
2.298705
2.320615
2.625717
3.175923
3.900082
4.231641
4.446175
4.016892
3.404911
3.052
3.012439
2.981395
2.771942
2.682369
2.95916
3.566227
3.888673
3.92308
3.517526
3.289151
3.142492
3.356294
3.576902
