-0.037241 
-0.001026 
 0.004465 
 0.041715 
-0.000270 
 0.005592 
 0.005330 
 0.004038 
 0.008791 
 0.003715 
 0.014929 
-0.010570 
-0.001656 
-0.013579 
-0.024391 
 0.000237 
-0.001138 
 0.013873 
-0.052511 
-0.015783 
-0.051780 
-0.000915 
-0.019300 
 0.000308 
-0.049407 
 0.028662 
-0.032033 
 0.045595 
-0.007052 
-0.049930 
 0.026992 
 0.035093 
-0.031083 
 0.002759 
 0.032141 
-0.013160 
-0.020538 
-0.025636 
-0.001864 
 0.009659 
-0.017569 
 0.009809 
 0.006795 
-0.014036 
 0.022653 
 0.001369 
 0.003525 
 0.001249 
-0.006969 
-0.000176 
-0.001869 
-0.000874 
 0.004249 
 0.011642 
-0.062887 
-0.008127 
-0.029742 
-0.066821 
-0.016320 
-0.037969 
-0.062065 
-0.001849 
-0.001468 
-0.023846 
-0.018139 
-0.040055 
-0.004727 
-0.029584 
-0.002503 
-0.016555 
-0.031436 
-0.020018 
 0.008121 
 0.009506 
-0.035023 
 0.001358 
 0.007227 
-0.025110 
 0.037275 
 0.038767 
 0.008874 
-0.013286 
 0.009393 
-0.040152 
-0.035014 
 0.025725 
 0.016363 
 0.019283 
-0.010174 
-0.032741 
 0.006242 
-0.023819 
-0.016490 
 0.057214 
-0.011426 
-0.038514 
 0.069103 
-0.002467 
-0.040494 
 0.056141 
-0.001071 
-0.001884 
 0.042162 
 0.004195 
-0.038215 
 0.025970 
-0.007459 
-0.000407 
 0.002284 
 0.014329 
-0.020265 
 0.020245 
 0.012721 
-0.030758 
-0.015023 
 0.027343 
-0.022807 
 0.003504 
 0.031362 
-0.018654 
-0.023393 
 0.011214 
 0.004414 
 0.016223 
 0.020672 
-0.019575 
 0.016661 
 0.004698 
 0.003738 
-0.016621 
 0.006558 
-0.039323 
-0.029718 
-0.003841 
-0.022396 
-0.009426 
-0.003926 
 0.006508 
-0.024308 
 0.011961 
 0.006073 
-0.005310 
 0.002592 
 0.005524 
 0.008198 
-0.027296 
 0.029740 
 0.033693 
 0.010535 
 0.029707 
 0.001305 
 0.002889 
 0.017497 
 0.002657 
-0.002005 
 0.020686 
-0.003264 
-0.000614 
 0.007117 
-0.021776 
-0.003621 
 0.034961 
 0.009011 
 0.001194 
 0.009594 
 0.012615 
 0.012706 
 0.000764 
-0.003188 
 0.001400 
 0.014109 
-0.002184 
-0.000798 
 0.008512 
 0.008053 
-0.016890 
-0.001980 
 0.000355 
 0.008999 
 0.011081 
-0.016863 
-0.001689 
 0.026435 
-0.003420 
-0.004946 
 0.006739 
-0.000544 
 0.002024 
 0.010357 
 0.002526 
 0.000886 
 0.008069 
 0.001083 
-0.001150 
-0.000104 
-0.002060 
-0.000551 
-0.000849 
-0.054042 
-0.004147 
-0.008556 
-0.064264 
-0.007300 
-0.010882 
-0.051025 
-0.002787 
 0.004426 
-0.063564 
-0.011925 
-0.046647 
-0.061746 
-0.017390 
-0.048467 
-0.068661 
-0.013282 
-0.035104 
-0.071950 
-0.008295 
-0.018530 
-0.071892 
-0.000036 
-0.032882 
-0.068786 
 0.008317 
-0.016251 
-0.038678 
-0.019228 
-0.049035 
-0.023048 
-0.026710 
-0.034686 
-0.037131 
-0.025946 
-0.042980 
-0.011566 
-0.016340 
-0.029506 
-0.003808 
-0.024055 
-0.017550 
-0.011882 
-0.025969 
-0.021949 
-0.009446 
-0.031886 
-0.005710 
-0.003521 
-0.029069 
 0.005602 
-0.003413 
-0.030190 
 0.001644 
-0.017970 
 0.029887 
-0.042400 
 0.022413 
 0.037026 
-0.024679 
 0.001496 
 0.046349 
-0.020544 
 0.009485 
-0.008641 
-0.014345 
 0.000585 
-0.005846 
-0.015578 
 0.015702 
 0.007028 
-0.024870 
 0.024571 
 0.022176 
-0.010826 
 0.003085 
 0.016505 
-0.014276 
 0.029814 
 0.012874 
 0.016761 
-0.038191 
-0.022267 
-0.035140 
-0.005680 
-0.017069 
-0.023436 
-0.037910 
-0.007514 
-0.041453 
-0.025525 
 0.018523 
-0.013299 
-0.024029 
 0.005791 
 0.015423 
-0.015894 
-0.008022 
-0.019093 
-0.020896 
 0.006297 
-0.029829 
-0.026216 
 0.031768 
-0.023271 
 0.004045 
 0.040256 
-0.050584 
-0.019638 
 0.052638 
-0.013740 
-0.003382 
-0.028091 
-0.003188 
-0.007621 
-0.027158 
 0.001737 
 0.007258 
-0.011866 
-0.025454 
 0.002785 
-0.021784 
-0.018412 
 0.014733 
-0.018457 
-0.028347 
 0.033378 
-0.009658 
-0.049078 
 0.026771 
-0.017024 
-0.043575 
 0.054782 
 0.006358 
-0.035509 
 0.070641 
-0.006793 
-0.020671 
 0.055647 
 0.012520 
-0.019604 
 0.051664 
-0.010590 
-0.045958 
 0.062581 
-0.004463 
-0.051136 
 0.070312 
-0.009506 
-0.042302 
 0.064239 
-0.005359 
-0.013405 
 0.060029 
-0.001335 
-0.013525 
 0.048498 
-0.001986 
 0.005752 
-0.001106 
-0.012980 
-0.025913 
 0.025436 
-0.015477 
-0.036947 
 0.027030 
-0.000757 
-0.049492 
 0.055135 
 0.003589 
-0.018245 
 0.037913 
 0.001795 
 0.002219 
 0.060485 
 0.002494 
-0.054117 
 0.072184 
 0.005345 
-0.050237 
 0.036151 
-0.002263 
-0.018473 
 0.004195 
-0.009868 
-0.017943 
 0.003458 
-0.024377 
-0.002718 
 0.026445 
 0.001240 
-0.038196 
 0.043520 
 0.000379 
-0.055357 
 0.001147 
 0.000792 
-0.026958 
 0.010956 
 0.002165 
-0.027607 
 0.008478 
 0.017151 
-0.020522 
 0.003167 
 0.029933 
-0.015976 
 0.004545 
 0.031747 
-0.015699 
-0.031741 
 0.000795 
-0.018744 
-0.024310 
 0.020221 
-0.015376 
-0.044229 
-0.012924 
 0.004633 
-0.004800 
 0.035274 
-0.015449 
 0.003012 
 0.034981 
-0.015610 
-0.006493 
 0.037601 
-0.021020 
-0.006734 
 0.027008 
-0.017133 
 0.003808 
 0.022825 
-0.016386 
-0.005907 
 0.019560 
-0.006971 
 0.031004 
 0.008157 
-0.042620 
 0.002221 
 0.023257 
-0.025386 
 0.001404 
 0.012179 
-0.032823 
 0.011944 
 0.022455 
-0.015330 
 0.010822 
 0.015533 
-0.009289 
 0.008456 
 0.031292 
-0.018346 
 0.011683 
 0.032634 
-0.020504 
 0.021305 
 0.011636 
-0.007599 
 0.021277 
-0.002844 
 0.000670 
 0.019025 
-0.009257 
 0.010802 
-0.005271 
 0.012690 
-0.026307 
 0.000233 
 0.027585 
-0.022198 
-0.009722 
-0.002073 
-0.032702 
-0.025207 
-0.005938 
-0.047221 
-0.042047 
-0.008941 
-0.055437 
 0.004922 
-0.013971 
 0.006695 
-0.019201 
-0.006114 
-0.001518 
 0.004535 
-0.013844 
 0.011153 
-0.057188 
-0.005691 
-0.050708 
-0.055443 
-0.004270 
-0.032257 
-0.039629 
-0.000890 
-0.008729 
-0.021840 
 0.001438 
 0.002941 
 0.001201 
 0.019142 
-0.030367 
-0.025238 
 0.001959 
-0.039201 
 0.005935 
 0.005730 
-0.017533 
-0.031306 
 0.002512 
 0.013675 
-0.017107 
 0.002170 
 0.011152 
-0.051393 
 0.021428 
-0.005073 
-0.047752 
 0.007112 
 0.009058 
-0.014318 
 0.005992 
 0.007702 
-0.001804 
 0.008042 
 0.004170 
 0.002044 
 0.003824 
 0.000446 
 0.047338 
 0.024587 
 0.035323 
 0.011300 
 0.041809 
 0.002247 
 0.008084 
-0.022460 
 0.030290 
 0.032266 
-0.012148 
 0.039832 
 0.024846 
-0.018450 
 0.035517 
 0.009021 
-0.029113 
 0.029130 
 0.017271 
-0.018398 
 0.029744 
 0.000399 
 0.004547 
 0.009806 
-0.002561 
 0.000129 
 0.013516 
-0.001346 
 0.002065 
 0.004475 
 0.006479 
-0.004366 
 0.022329 
 0.004711 
-0.005563 
 0.021882 
 0.001191 
-0.001451 
 0.022435 
-0.000511 
-0.001708 
 0.017835 
 0.001328 
-0.002014 
 0.017905 
-0.001710 
-0.001216 
 0.012911 
-0.002028 
 0.022968 
 0.004286 
 0.013797 
 0.006388 
 0.018624 
-0.000762 
 0.011143 
 0.010490 
-0.019057 
-0.022730 
 0.038717 
-0.032102 
 0.038034 
 0.020946 
-0.037314 
 0.004957 
 0.044607 
-0.009318 
-0.028222 
 0.035444 
 0.000332 
-0.025833 
 0.030056 
 0.038278 
 0.006742 
 0.009751 
 0.027926 
 0.022843 
-0.006083 
 0.021755 
 0.000754 
 0.018778 
 0.026933 
 0.001656 
 0.018602 
 0.011278 
 0.005235 
 0.007616 
-0.001718 
 0.001068 
-0.000084 
-0.003631 
 0.007039 
-0.000258 
 0.003671 
-0.006757 
 0.021063 
 0.005427 
-0.001866 
 0.019960 
-0.010205 
 0.003563 
 0.003588 
-0.008906 
-0.000977 
 0.000980 
-0.002536 
-0.000185 
 0.010716 
 0.003509 
-0.001554 
 0.016400 
 0.002484 
-0.000848 
 0.014019 
-0.012931 
 0.019334 
 0.011023 
-0.009536 
 0.010761 
 0.006045 
-0.008901 
-0.000837 
 0.020167 
 0.018480 
 0.000208 
 0.015742 
-0.001519 
-0.035366 
 0.002857 
 0.015240 
-0.014523 
 0.008116 
 0.009416 
-0.002288 
 0.006513 
 0.002058 
-0.006345 
-0.003618 
-0.026367 
 0.001572 
 0.032143 
-0.038142 
-0.028976 
 0.022853 
 0.002214 
 0.010841 
 0.001883 
-0.005982 
 0.014843 
 0.011718 
-0.004617 
 0.013199 
 0.023046 
-0.000543 
 0.009224 
 0.013698 
-0.001859 
 0.008962 
 0.019287 
-0.005411 
-0.006746 
-0.003466 
-0.001386 
-0.001780 
 0.003936 
 0.000379 
 0.000986 
 0.014067 
-0.000730 
 0.002275 
 0.011366 
 0.002486 
 0.001439 
 0.012443 
 0.002442 
 0.000510 
 0.010383 
-0.000515 
 0.000930 
 0.010039 
-0.013007 
-0.029331 
 0.006752 
-0.008135 
-0.008535 
 0.013004 
-0.003618 
-0.017999 
-0.002907 
 0.007120 
 0.011554 
 0.001718 
 0.007008 
-0.010073 
 0.006190 
 0.009550 
 0.000554 
 0.012427 
 0.002530 
 0.009548 
 0.010472 
-0.000170 
 0.007516 
 0.008641 
-0.000208 
-0.001158 
 0.005508 
-0.001078 
-0.008353 
 0.001454 
-0.001235 
 0.004055 
 0.006839 
 0.005233 
 0.002619 
 0.000934 
 0.005744 
 0.002475 
-0.003923 
-0.001507 
 0.001545 
 0.005711 
-0.002350 
 0.001507 
 0.005425 
 0.000363 
 0.001862 
-0.002364 
-0.003908 
 0.000221 
-0.002902 
-0.002696 
 0.000633 
 0.005798 
 0.001799 
-0.004062 
 0.000862 
 0.001868 
 0.001023 
-0.000617 
-0.001400 
-0.000537 
-0.000110 
-0.051041 
-0.003008 
 0.000912 
-0.060210 
-0.004791 
 0.001665 
-0.048267 
-0.002289 
 0.006491 
-0.061403 
-0.006073 
-0.020250 
-0.068432 
-0.008900 
-0.021207 
-0.065040 
-0.006678 
-0.009205 
-0.064894 
-0.005762 
-0.000742 
-0.069478 
-0.006352 
-0.003794 
-0.059037 
-0.003096 
 0.002000 
-0.070504 
-0.011381 
-0.041684 
-0.074739 
-0.015197 
-0.044600 
-0.073769 
-0.012474 
-0.034808 
-0.063536 
-0.014323 
-0.055987 
-0.063762 
-0.019175 
-0.056193 
-0.069943 
-0.016950 
-0.052004 
-0.070663 
-0.016509 
-0.045208 
-0.067602 
-0.018487 
-0.045504 
-0.071130 
-0.015887 
-0.038731 
-0.077637 
-0.005849 
-0.008691 
-0.082228 
-0.002012 
-0.015848 
-0.072642 
 0.002019 
-0.007857 
-0.073082 
-0.012555 
-0.030330 
-0.072644 
-0.010498 
-0.035725 
-0.077444 
-0.005719 
-0.026178 
-0.081969 
 0.004962 
-0.025744 
-0.076059 
 0.015225 
-0.035928 
-0.071539 
 0.018483 
-0.027383 
-0.069714 
-0.010381 
-0.024387 
-0.070665 
-0.011889 
-0.027374 
-0.071001 
-0.008773 
-0.015193 
-0.050049 
-0.020140 
-0.055009 
-0.042939 
-0.025560 
-0.052149 
-0.051627 
-0.023983 
-0.054855 
-0.032328 
-0.020314 
-0.049455 
-0.027010 
-0.025561 
-0.043655 
-0.033897 
-0.025964 
-0.049486 
-0.030723 
-0.028104 
-0.042043 
-0.021383 
-0.030953 
-0.029218 
-0.027340 
-0.030632 
-0.034761 
-0.019012 
-0.018279 
-0.036293 
-0.013447 
-0.023784 
-0.030700 
-0.020103 
-0.024361 
-0.035977 
-0.005968 
-0.016328 
-0.027360 
-0.003299 
-0.021365 
-0.025613 
-0.007112 
-0.023216 
-0.026635 
-0.006995 
-0.027493 
-0.018812 
-0.004624 
-0.028927 
-0.010642 
-0.006601 
-0.031023 
-0.010207 
-0.014183 
-0.033493 
-0.012958 
-0.007225 
-0.033624 
-0.000867 
-0.010556 
-0.033384 
-0.008288 
-0.005761 
-0.034306 
-0.000620 
-0.004926 
-0.032702 
 0.003682 
-0.003934 
-0.034461 
 0.005606 
-0.001220 
-0.032483 
 0.008433 
-0.002471 
-0.028867 
 0.006876 
 0.001860 
-0.028363 
 0.007747 
-0.018873 
-0.027806 
-0.029092 
-0.011678 
-0.031002 
-0.014713 
-0.016924 
-0.030861 
-0.021110 
-0.042894 
 0.037088 
-0.044436 
-0.013500 
 0.048009 
-0.038161 
-0.028168 
 0.044310 
-0.034711 
-0.000901 
 0.022248 
-0.042849 
 0.015377 
 0.024789 
-0.035259 
 0.006187 
 0.038445 
-0.037131 
 0.016637 
 0.054745 
-0.025015 
 0.033869 
 0.051533 
-0.010593 
 0.029382 
 0.051357 
-0.005352 
 0.010913 
-0.000881 
-0.027018 
 0.013383 
-0.001159 
-0.022622 
 0.015050 
 0.009154 
-0.030768 
 0.007264 
-0.016329 
-0.003218 
 0.000162 
-0.013436 
-0.007935 
 0.009913 
-0.008950 
-0.012151 
 0.011920 
-0.001587 
-0.020902 
 0.000939 
 0.000940 
-0.024616 
 0.013868 
 0.005458 
-0.025072 
 0.036014 
 0.038787 
 0.000536 
 0.031098 
 0.026843 
 0.002576 
 0.038517 
 0.027630 
 0.017374 
 0.015901 
 0.011955 
-0.021656 
 0.002287 
 0.013484 
-0.023459 
 0.018701 
 0.016178 
-0.013437 
 0.021358 
 0.016646 
-0.001365 
 0.004441 
 0.017922 
-0.003762 
 0.021607 
 0.002864 
 0.012668 
 0.021153 
 0.021126 
-0.026969 
 0.021193 
 0.016479 
-0.022214 
 0.028595 
 0.032278 
-0.016007 
-0.052092 
-0.022333 
-0.050149 
-0.026681 
-0.030103 
-0.030148 
-0.039303 
-0.026187 
-0.040725 
-0.054135 
-0.021325 
-0.046159 
-0.059108 
-0.020844 
-0.043690 
-0.004398 
-0.025703 
-0.010720 
-0.012448 
-0.029411 
-0.020139 
 0.003044 
-0.021247 
-0.004766 
 0.003550 
-0.013603 
-0.018339 
 0.001298 
-0.005631 
-0.032102 
-0.062415 
-0.015222 
-0.044446 
-0.058878 
-0.003110 
-0.043394 
-0.014865 
 0.001880 
-0.043704 
-0.032133 
 0.009217 
-0.046427 
-0.054066 
 0.014215 
-0.044487 
-0.023437 
-0.022139 
-0.031240 
-0.019632 
-0.012054 
-0.036398 
-0.041183 
-0.017572 
-0.039563 
-0.012270 
 0.019415 
-0.002768 
-0.009584 
 0.005536 
 0.011065 
-0.011242 
 0.014390 
-0.024889 
-0.012027 
 0.018861 
-0.015646 
-0.029907 
 0.020905 
 0.001174 
-0.037728 
 0.029090 
 0.003640 
-0.035233 
 0.014857 
 0.021280 
-0.010004 
 0.000267 
-0.026168 
-0.010986 
 0.007631 
-0.029589 
-0.007444 
-0.014462 
-0.009410 
-0.008750 
-0.007204 
-0.018147 
-0.020002 
-0.001150 
-0.028322 
-0.018101 
-0.000623 
-0.033054 
-0.021802 
 0.008336 
-0.036262 
-0.036880 
 0.041992 
-0.004358 
-0.026893 
 0.052992 
-0.019684 
-0.034714 
 0.042375 
 0.005779 
-0.020547 
 0.022698 
-0.038579 
-0.008025 
 0.025986 
-0.050825 
-0.016130 
 0.040790 
-0.039648 
-0.004905 
 0.060449 
-0.040370 
 0.022206 
 0.049082 
-0.047580 
 0.004981 
 0.053105 
-0.030010 
-0.025012 
 0.014390 
-0.026628 
-0.026677 
 0.018207 
-0.030189 
-0.032597 
 0.026375 
-0.015904 
-0.005754 
-0.029915 
 0.004213 
-0.006109 
-0.026161 
 0.002491 
-0.004253 
-0.031231 
-0.002674 
-0.005435 
-0.031598 
 0.002577 
-0.006317 
-0.030506 
 0.000881 
 0.001077 
-0.028090 
-0.009799 
-0.002191 
-0.028522 
-0.006557 
-0.000576 
-0.024675 
-0.018983 
-0.002293 
-0.028146 
-0.011238 
 0.003022 
-0.013720 
-0.026746 
 0.001140 
-0.020530 
-0.026071 
 0.005751 
-0.019565 
-0.026825 
 0.013988 
-0.011957 
-0.030894 
 0.011789 
-0.018199 
-0.030345 
 0.011900 
-0.022969 
-0.024649 
 0.022278 
-0.018927 
-0.038661 
 0.017708 
-0.021921 
-0.033305 
 0.019511 
-0.017088 
-0.036280 
 0.028720 
-0.010733 
-0.043218 
 0.026631 
-0.016331 
-0.043721 
 0.033853 
-0.016015 
-0.052675 
 0.044136 
-0.009939 
-0.055872 
 0.041681 
-0.014567 
-0.054415 
-0.000004 
-0.027282 
-0.011774 
 0.008952 
-0.021765 
-0.024183 
 0.005468 
-0.025060 
-0.017148 
 0.054349 
 0.024010 
-0.040145 
 0.068106 
 0.011032 
-0.029894 
 0.048101 
 0.025304 
-0.030483 
 0.061870 
-0.005130 
-0.038419 
 0.069862 
-0.009565 
-0.033827 
 0.070770 
-0.001659 
-0.029469 
 0.078607 
 0.000688 
-0.018242 
 0.076461 
-0.005010 
-0.009771 
 0.068481 
 0.004026 
-0.009706 
 0.060133 
-0.012953 
-0.046954 
 0.068190 
-0.011143 
-0.050228 
 0.069883 
-0.012254 
-0.044073 
 0.054532 
-0.011077 
-0.053980 
 0.058605 
-0.006141 
-0.055435 
 0.064825 
-0.009769 
-0.053808 
 0.077352 
-0.009167 
-0.053972 
 0.079253 
-0.003974 
-0.056054 
 0.079843 
-0.007750 
-0.045518 
 0.068791 
-0.005544 
-0.004536 
 0.065700 
-0.004587 
-0.001064 
 0.056258 
-0.002480 
 0.002424 
 0.074036 
-0.005525 
-0.028228 
 0.070690 
-0.001848 
-0.029836 
 0.069739 
-0.004323 
-0.012690 
 0.063723 
-0.003286 
 0.001770 
 0.058851 
-0.001149 
-0.000949 
 0.050402 
-0.001433 
 0.009229 
 0.072840 
-0.009891 
-0.032619 
 0.072917 
-0.007695 
-0.030455 
 0.071828 
-0.007383 
-0.018177 
-0.012199 
-0.019620 
-0.007510 
 0.003052 
-0.023112 
-0.019786 
-0.005710 
-0.022076 
-0.012248 
-0.011696 
-0.011805 
-0.023058 
-0.007448 
-0.003656 
-0.038348 
 0.027786 
-0.018200 
-0.042964 
 0.014569 
-0.022496 
-0.032643 
 0.041393 
-0.014153 
-0.049507 
 0.042510 
-0.014165 
-0.045709 
 0.045837 
-0.014247 
-0.043788 
 0.006028 
 0.007951 
-0.056759 
 0.019908 
 0.018271 
-0.058310 
 0.048964 
-0.008419 
-0.047510 
 0.044088 
 0.004538 
-0.049156 
 0.037075 
 0.023839 
-0.051374 
 0.012400 
-0.015884 
-0.037803 
 0.029121 
-0.011074 
-0.045367 
 0.010193 
-0.006377 
-0.046912 
 0.055400 
 0.001187 
-0.003281 
 0.044035 
 0.001155 
 0.004044 
 0.069450 
 0.001855 
-0.033105 
 0.062900 
 0.001553 
-0.017710 
 0.052263 
 0.002848 
-0.005154 
 0.044383 
-0.000449 
-0.005460 
 0.036081 
-0.001892 
 0.001114 
 0.077989 
 0.000680 
-0.058438 
 0.077970 
 0.001775 
-0.050345 
 0.059247 
-0.002120 
-0.057733 
 0.067610 
-0.000661 
-0.057877 
 0.075660 
 0.004221 
-0.059676 
 0.061223 
 0.004791 
-0.052487 
 0.064672 
 0.005378 
-0.048925 
 0.033667 
-0.006736 
-0.005989 
 0.019832 
-0.014301 
-0.006478 
 0.020164 
-0.016951 
-0.002050 
 0.043485 
 0.001483 
-0.033171 
 0.026132 
-0.000550 
-0.031178 
 0.022887 
-0.007577 
-0.019858 
 0.000595 
-0.021259 
-0.006885 
-0.013666 
-0.022565 
-0.007807 
-0.008624 
-0.030107 
-0.003713 
 0.069166 
 0.005309 
-0.037659 
 0.059194 
 0.004405 
-0.036537 
 0.051648 
 0.001725 
-0.020449 
 0.042310 
-0.004997 
-0.056843 
 0.049728 
-0.004404 
-0.058692 
 0.025563 
-0.005056 
-0.039169 
 0.033769 
-0.005101 
-0.047152 
 0.038356 
 0.000786 
-0.051191 
 0.026859 
 0.007316 
-0.038748 
 0.035611 
 0.006158 
-0.047623 
 0.010211 
-0.005580 
-0.029156 
 0.016832 
-0.005367 
-0.032884 
-0.000299 
-0.007568 
-0.028592 
 0.004950 
-0.006391 
-0.028303 
 0.006765 
 0.001963 
-0.029453 
 0.002069 
 0.008405 
-0.026985 
 0.006779 
 0.009309 
-0.026503 
 0.015282 
 0.016901 
-0.027678 
 0.007216 
 0.027501 
-0.019473 
 0.012196 
 0.024974 
-0.024852 
 0.006185 
 0.017916 
-0.022076 
 0.003079 
 0.024555 
-0.019697 
 0.005349 
 0.026226 
-0.018946 
 0.004424 
 0.034052 
-0.016852 
 0.003587 
 0.036583 
-0.015871 
 0.002779 
 0.036411 
-0.015094 
 0.019933 
 0.002121 
-0.035266 
 0.011396 
 0.010362 
-0.027138 
 0.018463 
 0.009143 
-0.031916 
-0.036872 
-0.015986 
-0.007557 
-0.048537 
-0.006906 
-0.007227 
-0.037885 
-0.023497 
 0.001316 
-0.025978 
 0.017741 
-0.026326 
-0.022206 
 0.026198 
-0.023701 
-0.034890 
 0.012533 
-0.018349 
-0.043071 
 0.008215 
-0.004831 
-0.030150 
 0.018379 
-0.006219 
-0.040141 
 0.002510 
 0.009355 
-0.010420 
 0.037159 
-0.021840 
-0.006800 
 0.042056 
-0.019924 
-0.013006 
 0.037599 
-0.023885 
-0.000165 
 0.037204 
-0.014920 
 0.003074 
 0.037473 
-0.015577 
-0.001116 
 0.038537 
-0.016424 
-0.001318 
 0.040703 
-0.019103 
 0.003935 
 0.040953 
-0.020075 
-0.001337 
 0.037389 
-0.021053 
-0.017225 
 0.024903 
-0.010590 
-0.007945 
 0.026920 
-0.014155 
-0.015379 
 0.019597 
-0.001992 
-0.001182 
 0.030328 
-0.020384 
 0.004044 
 0.029659 
-0.020594 
-0.001215 
 0.025983 
-0.017890 
-0.001187 
 0.022381 
-0.014112 
 0.004405 
 0.021886 
-0.014936 
-0.000628 
 0.017638 
-0.010250 
-0.014987 
 0.032724 
-0.023180 
-0.007378 
 0.034847 
-0.022549 
-0.016459 
 0.028070 
-0.017910 
 0.057000 
 0.001109 
-0.061192 
 0.030567 
 0.012058 
-0.045724 
 0.044101 
 0.005137 
-0.054742 
 0.051307 
 0.004450 
-0.053677 
 0.041421 
 0.006930 
-0.046824 
 0.004585 
 0.030808 
-0.022474 
 0.014895 
 0.023232 
-0.031712 
-0.001156 
 0.036864 
-0.015760 
-0.004416 
 0.032953 
-0.020990 
-0.008731 
 0.029210 
-0.026298 
 0.023002 
 0.008270 
-0.039842 
 0.003000 
 0.000786 
-0.031150 
-0.014601 
 0.021535 
-0.032396 
-0.016871 
 0.006812 
-0.030313 
-0.016720 
-0.008753 
-0.020745 
 0.016003 
 0.018452 
-0.040364 
 0.000214 
 0.020522 
-0.035544 
 0.018408 
 0.013998 
-0.041607 
 0.010816 
 0.025842 
-0.017051 
 0.010041 
 0.021012 
-0.014335 
 0.009974 
 0.032958 
-0.022948 
 0.010454 
 0.029034 
-0.020493 
 0.013822 
 0.021793 
-0.012706 
 0.017619 
 0.015867 
-0.006507 
 0.014652 
 0.011853 
-0.003768 
 0.009512 
 0.042952 
-0.021856 
 0.010065 
 0.039967 
-0.023848 
 0.006637 
 0.038394 
-0.017431 
 0.008088 
 0.040228 
-0.019040 
 0.011981 
 0.037433 
-0.021424 
 0.013763 
 0.031419 
-0.022551 
 0.016216 
 0.030842 
-0.022062 
 0.024929 
 0.008300 
 0.001489 
 0.029846 
-0.000545 
 0.008248 
 0.023848 
-0.002526 
 0.011674 
 0.021224 
 0.018173 
-0.017321 
 0.022066 
 0.011120 
-0.013978 
 0.026348 
 0.004975 
-0.003773 
 0.027542 
-0.009953 
 0.011839 
 0.022540 
-0.017981 
 0.014178 
 0.016729 
-0.016879 
 0.011604 
 0.013056 
 0.029777 
-0.021095 
 0.016875 
 0.025077 
-0.019229 
 0.017500 
 0.019705 
-0.013004 
 0.002970 
 0.034536 
-0.019417 
 0.004385 
 0.037256 
-0.017778 
-0.000502 
 0.017052 
-0.024467 
 0.001296 
 0.026064 
-0.021314 
-0.002780 
 0.023104 
-0.026768 
-0.012171 
 0.011033 
-0.036420 
-0.007671 
 0.019681 
-0.033800 
-0.003726 
-0.000174 
-0.032129 
-0.002227 
 0.007829 
-0.029088 
-0.005147 
-0.009364 
-0.030713 
-0.012271 
-0.010912 
-0.035157 
-0.019879 
-0.012584 
-0.040865 
-0.024748 
-0.000158 
-0.049861 
-0.037214 
-0.008446 
-0.059598 
-0.032834 
-0.002437 
-0.055458 
-0.028238 
-0.014220 
-0.049507 
-0.036294 
-0.015488 
-0.055934 
-0.046156 
-0.016177 
-0.058755 
-0.054954 
-0.015595 
-0.061071 
-0.008929 
 0.005682 
-0.033927 
-0.019571 
-0.004396 
-0.043883 
-0.016663 
 0.002862 
-0.040704 
 0.012813 
-0.024648 
 0.017434 
 0.007838 
-0.021488 
 0.017623 
 0.006664 
-0.020859 
 0.012479 
-0.012114 
-0.006982 
-0.008879 
-0.027568 
-0.005331 
-0.013689 
-0.008053 
-0.011251 
 0.003168 
-0.004848 
-0.014235 
 0.013055 
-0.016207 
-0.007991 
 0.008524 
-0.003984 
-0.009670 
 0.009957 
-0.053175 
-0.004919 
-0.042359 
-0.066287 
-0.006391 
-0.047464 
-0.050421 
-0.004766 
-0.031793 
-0.065169 
-0.011712 
-0.061136 
-0.069313 
-0.010095 
-0.055415 
-0.072288 
-0.009315 
-0.046423 
-0.068829 
-0.006970 
-0.035861 
-0.026826 
-0.002677 
 0.003848 
-0.036312 
-0.000177 
 0.000799 
-0.017409 
-0.000503 
 0.005128 
-0.060793 
-0.004155 
-0.022297 
-0.054236 
-0.002608 
-0.010129 
-0.046685 
-0.001458 
 0.000719 
-0.034611 
 0.000347 
 0.004048 
-0.041780 
-0.003410 
-0.019212 
-0.053266 
-0.002235 
-0.023183 
-0.034359 
-0.003097 
-0.006654 
 0.005208 
 0.033275 
-0.021941 
-0.009570 
 0.018485 
-0.041687 
-0.000218 
 0.026691 
-0.030348 
 0.007559 
 0.028710 
-0.025596 
 0.011586 
 0.023760 
-0.027837 
-0.041031 
-0.003541 
-0.055006 
-0.025573 
 0.005009 
-0.049214 
-0.056728 
-0.008378 
-0.061939 
-0.047427 
-0.003771 
-0.050965 
-0.033229 
-0.001367 
-0.037989 
 0.016180 
 0.015432 
-0.021507 
 0.016654 
 0.001803 
-0.009732 
-0.009291 
-0.000537 
-0.021085 
 0.006113 
-0.005450 
-0.007100 
 0.015858 
-0.013067 
 0.005066 
-0.009478 
 0.013979 
-0.039908 
-0.008804 
 0.007751 
-0.032415 
 0.004246 
 0.015643 
-0.030012 
-0.040981 
 0.000100 
 0.012208 
-0.032059 
 0.000678 
 0.009260 
-0.054988 
 0.000155 
 0.008067 
-0.047967 
-0.000206 
 0.010619 
-0.027719 
 0.002784 
 0.016815 
-0.018211 
 0.004138 
 0.014457 
-0.011523 
 0.003004 
 0.010549 
-0.070470 
 0.008692 
-0.002976 
-0.064351 
 0.002895 
 0.004338 
-0.063253 
 0.028831 
-0.023106 
-0.070197 
 0.017373 
-0.013131 
-0.059877 
 0.015221 
 0.003276 
-0.044803 
 0.018626 
 0.003333 
-0.041935 
 0.011712 
 0.008742 
-0.010487 
 0.005260 
 0.010062 
-0.003806 
 0.006278 
 0.006726 
-0.001692 
 0.003449 
 0.003075 
-0.022336 
 0.009475 
 0.007830 
-0.012671 
 0.011244 
 0.006132 
-0.008353 
 0.008398 
 0.006113 
 0.001543 
 0.007175 
 0.004579 
 0.002049 
 0.006617 
 0.004314 
 0.002146 
 0.004000 
-0.000394 
-0.044341 
 0.004170 
 0.013695 
-0.033160 
 0.007169 
 0.011036 
-0.025542 
 0.005094 
 0.013039 
 0.006690 
 0.051505 
-0.010612 
-0.025596 
 0.047277 
-0.025242 
 0.049961 
 0.037610 
 0.027251 
 0.037164 
 0.049665 
 0.009985 
 0.041741 
 0.042173 
 0.023738 
 0.048368 
 0.019644 
 0.039359 
 0.037710 
 0.032608 
 0.025316 
 0.036337 
 0.000438 
 0.034655 
 0.045210 
 0.017668 
 0.035160 
 0.007924 
-0.010814 
 0.024077 
 0.024523 
-0.012968 
 0.028373 
 0.025348 
-0.028886 
 0.040207 
 0.009652 
-0.031250 
 0.036379 
 0.023366 
-0.034000 
 0.040843 
 0.035249 
-0.005119 
 0.040294 
 0.024070 
-0.022457 
 0.037666 
 0.028700 
-0.007766 
 0.035801 
 0.021016 
-0.035368 
 0.039219 
 0.010027 
-0.033237 
 0.034588 
 0.018495 
-0.035825 
 0.037803 
 0.016167 
-0.034263 
 0.036036 
 0.009726 
-0.024733 
 0.030557 
 0.013833 
-0.024950 
 0.031980 
 0.048050 
 0.005968 
 0.047690 
 0.033719 
-0.019275 
 0.044898 
 0.042592 
-0.000545 
 0.045269 
 0.001349 
 0.005073 
 0.007314 
-0.000357 
 0.003147 
 0.009324 
 0.000439 
 0.003739 
 0.003617 
 0.000234 
 0.004797 
 0.015885 
-0.001204 
 0.001944 
 0.018312 
-0.001503 
 0.002754 
 0.013478 
-0.002951 
 0.000654 
 0.010719 
-0.003459 
-0.001068 
 0.012770 
-0.004108 
 0.000362 
 0.005873 
 0.004733 
 0.000364 
 0.024063 
 0.004091 
-0.002591 
 0.026092 
 0.001388 
 0.000243 
 0.023785 
 0.009126 
-0.013436 
 0.027657 
 0.006763 
-0.010946 
 0.025732 
 0.006226 
-0.008116 
 0.027012 
 0.003669 
-0.004229 
 0.027694 
 0.004411 
-0.003240 
 0.025973 
 0.001931 
-0.002635 
 0.027220 
-0.002134 
-0.001860 
 0.015606 
-0.001211 
-0.002282 
 0.018235 
-0.002826 
-0.001210 
 0.011803 
 0.000804 
-0.002348 
 0.024762 
 0.002201 
-0.002350 
 0.022819 
 0.000128 
-0.002398 
 0.022673 
-0.000424 
-0.002445 
 0.020524 
 0.000983 
-0.002210 
 0.018844 
-0.001167 
-0.001425 
 0.017835 
-0.000813 
-0.000459 
 0.021265 
 0.000176 
-0.001642 
 0.023300 
-0.001574 
-0.001143 
 0.018377 
-0.032286 
 0.040582 
-0.013488 
 0.023453 
 0.025065 
 0.018518 
 0.002481 
 0.036806 
 0.002815 
-0.029940 
 0.030121 
-0.004313 
-0.023007 
 0.022658 
 0.002605 
 0.019747 
-0.004755 
 0.028472 
 0.027476 
 0.007934 
 0.027179 
 0.013704 
-0.011188 
 0.028274 
 0.011377 
-0.000712 
 0.024514 
 0.007578 
 0.006016 
 0.020890 
-0.011505 
 0.016428 
 0.007717 
-0.003128 
 0.011797 
 0.007348 
 0.002828 
 0.008235 
 0.017452 
 0.000983 
 0.008807 
 0.012030 
 0.000652 
 0.008244 
 0.007340 
 0.013964 
 0.015976 
 0.016222 
 0.007159 
 0.011956 
 0.016198 
-0.001338 
 0.018547 
 0.009111 
-0.008110 
-0.010028 
 0.026217 
-0.036850 
 0.000590 
 0.040217 
-0.025631 
-0.010254 
 0.033868 
-0.005851 
-0.025789 
 0.037227 
-0.003198 
-0.030942 
 0.038006 
-0.043059 
 0.037123 
 0.026817 
-0.043447 
 0.018525 
 0.038587 
-0.001962 
 0.051682 
-0.013925 
-0.030544 
 0.054098 
 0.005665 
-0.046874 
 0.026321 
 0.043273 
-0.040169 
 0.017858 
 0.042118 
-0.035856 
-0.000514 
 0.048819 
-0.000478 
-0.032323 
 0.036625 
 0.002611 
-0.032880 
 0.035258 
-0.019109 
-0.020310 
 0.043475 
-0.011409 
-0.020623 
 0.038224 
-0.004785 
-0.033171 
 0.038632 
 0.005377 
-0.031444 
 0.033489 
 0.005621 
-0.022469 
 0.029912 
-0.035025 
-0.013988 
 0.052842 
-0.027644 
-0.018523 
 0.049359 
-0.017290 
-0.032177 
 0.044997 
 0.051065 
 0.021921 
-0.016875 
 0.035613 
 0.033861 
-0.022841 
 0.056980 
 0.003429 
 0.004383 
 0.060699 
 0.011160 
-0.005474 
 0.043951 
 0.017302 
 0.000521 
 0.029731 
 0.012527 
 0.005705 
 0.025828 
 0.020466 
-0.000755 
 0.045006 
-0.000100 
 0.014484 
 0.049524 
 0.000271 
 0.009940 
 0.038694 
 0.000337 
 0.014715 
 0.041819 
 0.000138 
 0.018130 
 0.027747 
 0.001710 
 0.025852 
 0.016841 
 0.001311 
 0.018903 
 0.018147 
 0.003026 
 0.021649 
 0.014904 
 0.009537 
 0.004429 
 0.004186 
 0.007941 
 0.002121 
 0.003849 
 0.011346 
 0.000433 
 0.010958 
 0.004421 
 0.012874 
 0.005286 
 0.001484 
 0.005068 
 0.004030 
 0.005455 
 0.005157 
-0.003568 
 0.005947 
-0.000017 
-0.005428 
 0.000431 
-0.002364 
-0.006959 
 0.005284 
-0.002051 
 0.036856 
 0.003323 
 0.017210 
 0.021478 
 0.004131 
 0.017018 
 0.025995 
 0.006425 
 0.012197 
 0.005466 
-0.011950 
 0.026023 
 0.005490 
-0.007078 
 0.025015 
 0.000709 
-0.001763 
 0.021539 
 0.001924 
-0.000843 
 0.020500 
 0.005733 
-0.003896 
 0.024095 
 0.005631 
-0.003482 
 0.025030 
 0.004898 
-0.002312 
 0.024322 
-0.009038 
 0.003232 
 0.011360 
-0.008362 
 0.001815 
 0.008584 
-0.003516 
 0.000384 
 0.015129 
-0.010964 
 0.003763 
-0.000976 
-0.010605 
-0.000725 
-0.000789 
-0.011239 
 0.002526 
 0.000864 
-0.007538 
 0.001095 
 0.005821 
-0.006432 
-0.000960 
 0.006371 
-0.003164 
 0.000046 
 0.010296 
 0.003653 
-0.002318 
 0.022220 
 0.002956 
-0.002185 
 0.020166 
 0.001087 
-0.000788 
 0.014503 
 0.000821 
-0.000994 
 0.014060 
 0.003607 
-0.001334 
 0.017531 
 0.002361 
-0.001882 
 0.018228 
 0.001683 
-0.001269 
 0.016823 
 0.001891 
-0.001394 
 0.018711 
 0.001269 
-0.001223 
 0.016468 
 0.005056 
-0.002171 
 0.021731 
 0.002922 
 0.040653 
-0.002970 
 0.003513 
 0.022292 
 0.001545 
 0.005021 
 0.029203 
 0.000614 
-0.024201 
 0.032317 
 0.018646 
-0.030553 
 0.016336 
 0.031424 
-0.007911 
 0.010808 
 0.001872 
-0.002517 
 0.016486 
 0.001660 
-0.010386 
 0.006905 
 0.000881 
-0.012584 
 0.007770 
 0.006315 
-0.011541 
 0.007774 
 0.012418 
-0.015745 
-0.005170 
 0.032285 
-0.005477 
-0.014129 
 0.030181 
-0.006918 
 0.001825 
 0.019685 
-0.002513 
-0.006115 
 0.024406 
 0.002224 
-0.017248 
 0.028783 
-0.012370 
 0.016169 
 0.009646 
-0.014897 
 0.009748 
 0.015385 
-0.020228 
 0.010435 
 0.021495 
 0.036654 
 0.001087 
 0.012554 
 0.030294 
-0.004155 
 0.008480 
 0.034305 
 0.001149 
 0.011045 
 0.023654 
 0.000868 
 0.020257 
 0.015956 
 0.000525 
 0.016894 
 0.016540 
-0.024887 
 0.001633 
 0.024712 
-0.013526 
 0.005115 
-0.012228 
-0.040305 
 0.001037 
 0.001277 
-0.036743 
 0.000189 
 0.011208 
-0.030535 
 0.004205 
 0.007365 
-0.030930 
-0.000252 
 0.013699 
-0.019316 
 0.003590 
 0.010665 
-0.000361 
 0.009388 
 0.005676 
-0.001519 
 0.002732 
 0.011600 
-0.011123 
 0.002336 
 0.007639 
-0.013640 
-0.003651 
 0.007189 
-0.005560 
 0.000279 
-0.000328 
-0.002831 
-0.001975 
-0.004044 
-0.003994 
-0.003752 
 0.019989 
-0.006765 
 0.015046 
 0.015212 
-0.008552 
 0.010044 
 0.015127 
-0.000940 
 0.014992 
-0.050492 
-0.026622 
 0.018352 
-0.036869 
-0.035777 
 0.009833 
-0.030695 
 0.007091 
 0.022097 
-0.044937 
-0.007071 
 0.025998 
-0.043770 
-0.015268 
 0.037968 
-0.027045 
-0.000397 
 0.038111 
-0.035746 
-0.016116 
 0.035407 
-0.007032 
 0.020332 
 0.002036 
-0.016668 
 0.016995 
 0.010657 
 0.004009 
 0.015424 
-0.006647 
-0.000862 
 0.015778 
-0.003332 
-0.001702 
 0.013233 
 0.006912 
 0.001506 
 0.011793 
 0.008612 
-0.002156 
 0.012008 
 0.013527 
-0.012967 
 0.008742 
 0.031590 
-0.003895 
 0.013683 
 0.026375 
-0.009704 
 0.006158 
 0.027546 
-0.002446 
 0.011578 
 0.019422 
-0.000438 
 0.011428 
 0.017574 
-0.002170 
 0.011144 
 0.021087 
-0.001590 
 0.009795 
 0.019000 
-0.000986 
 0.007858 
 0.015482 
-0.001768 
 0.006497 
 0.017540 
-0.017721 
 0.013034 
 0.026018 
-0.006869 
 0.016774 
 0.022384 
-0.016133 
 0.011033 
 0.032872 
-0.008528 
-0.004553 
-0.002684 
-0.009313 
-0.004280 
-0.000801 
-0.006206 
-0.008397 
 0.002129 
-0.002964 
-0.004008 
 0.006408 
-0.005061 
-0.005196 
 0.000130 
-0.006310 
-0.002693 
 0.004028 
-0.002705 
-0.001569 
 0.008428 
-0.001721 
-0.003116 
 0.013211 
 0.001779 
 0.001080 
 0.015954 
-0.000313 
-0.001673 
 0.012073 
-0.001151 
 0.003046 
 0.015907 
-0.001060 
 0.003754 
 0.014316 
-0.000280 
 0.001733 
 0.014963 
 0.000705 
 0.002157 
 0.014597 
-0.000451 
 0.003140 
 0.013722 
 0.000940 
 0.002160 
 0.014014 
 0.000802 
-0.000820 
 0.012642 
 0.002833 
-0.000281 
 0.015288 
 0.000858 
 0.001612 
 0.012762 
-0.000816 
 0.001933 
 0.012200 
 0.001118 
 0.000936 
 0.012359 
 0.001322 
-0.000280 
 0.015188 
-0.000215 
-0.000230 
 0.015303 
 0.000783 
-0.000663 
 0.010460 
 0.002839 
 0.001216 
 0.013567 
 0.001082 
-0.000526 
 0.009350 
-0.023772 
-0.045716 
 0.011026 
-0.027190 
-0.023562 
 0.024918 
-0.029998 
-0.036361 
 0.018971 
-0.010216 
-0.041178 
 0.004169 
 0.000096 
-0.035100 
-0.003266 
-0.006871 
 0.000983 
 0.021224 
-0.014200 
-0.006873 
 0.024067 
-0.001563 
 0.005051 
 0.020205 
-0.004492 
-0.003077 
 0.016232 
-0.006571 
-0.010713 
 0.010435 
 0.004099 
-0.024264 
-0.007270 
 0.000069 
-0.015867 
-0.006146 
-0.008094 
-0.015593 
 0.002447 
-0.006262 
-0.014168 
-0.003243 
-0.003302 
-0.009354 
-0.006140 
-0.015147 
-0.026683 
 0.012175 
-0.009461 
-0.024680 
 0.003886 
-0.004121 
-0.033689 
-0.003194 
 0.009913 
 0.020137 
-0.008790 
 0.013226 
 0.010165 
 0.001363 
 0.011448 
 0.016064 
-0.005388 
 0.007923 
 0.018333 
 0.001033 
 0.005974 
 0.016966 
 0.008431 
 0.019270 
-0.005655 
 0.015093 
 0.017118 
 0.002533 
 0.011078 
 0.010519 
-0.017806 
 0.008293 
 0.015730 
-0.012992 
 0.011638 
 0.011868 
-0.006766 
 0.013317 
 0.007129 
-0.004606 
 0.010546 
 0.007073 
 0.000752 
 0.013559 
 0.003824 
 0.016725 
 0.016023 
 0.001894 
 0.016370 
 0.019463 
 0.002780 
 0.006323 
 0.011524 
 0.000377 
 0.005836 
 0.009122 
 0.001088 
 0.010631 
 0.012566 
 0.000923 
 0.015090 
 0.018093 
 0.000539 
 0.011062 
 0.016333 
 0.009452 
 0.007870 
 0.007825 
 0.005886 
 0.006966 
 0.011517 
 0.006067 
 0.012525 
 0.008111 
 0.002877 
-0.013511 
 0.008194 
 0.003206 
-0.018337 
 0.006841 
-0.005037 
-0.003330 
 0.008128 
-0.001514 
-0.008105 
 0.008349 
-0.001281 
-0.005420 
 0.004375 
 0.001081 
-0.001329 
 0.003158 
-0.000653 
-0.004401 
 0.000942 
-0.014309 
 0.003486 
 0.006293 
-0.008853 
 0.001123 
 0.007178 
-0.025130 
 0.002078 
 0.007862 
-0.011487 
 0.003663 
 0.010789 
-0.004571 
 0.003509 
 0.008107 
 0.004694 
 0.001014 
 0.000913 
 0.007287 
 0.002892 
-0.002315 
 0.004635 
 0.001025 
-0.002238 
-0.000283 
 0.002807 
 0.003402 
 0.002500 
 0.002762 
-0.000202 
 0.004295 
 0.003328 
-0.002863 
 0.003387 
 0.003201 
-0.002961 
 0.001169 
 0.002507 
 0.008153 
 0.004474 
 0.004413 
 0.005351 
 0.004066 
 0.001818 
 0.004683 
-0.000342 
 0.006803 
 0.014929 
-0.001053 
 0.005006 
 0.014085 
-0.002503 
-0.000138 
 0.002490 
-0.003062 
 0.000374 
 0.002276 
-0.002331 
 0.001643 
 0.006844 
-0.001481 
 0.004299 
 0.013617 
-0.002014 
 0.003433 
 0.012996 
-0.001597 
 0.000334 
-0.002637 
-0.002832 
 0.000931 
-0.004258 
-0.003744 
-0.000161 
-0.002636 
 0.001300 
 0.003536 
-0.000039 
-0.001020 
 0.002677 
 0.001039 
-0.003946 
 0.001023 
 0.001035 
-0.004714 
-0.000072 
 0.003263 
-0.002450 
 0.002318 
 0.012034 
-0.002448 
 0.001340 
 0.012105 
-0.003612 
-0.000365 
 0.008047 
-0.002810 
-0.000321 
 0.012082 
-0.001888 
-0.000123 
 0.016046 
-0.003870 
 0.000617 
 0.001316 
-0.004070 
 0.000438 
 0.001791 
-0.003343 
 0.001341 
 0.006459 
 0.001612 
-0.015370 
 0.001377 
 0.000883 
-0.004187 
-0.001488 
 0.000885 
-0.008693 
-0.000160 
 0.004261 
-0.009038 
 0.003810 
 0.003039 
-0.003480 
 0.005621 
 0.004500 
 0.002210 
-0.002491 
 0.001826 
 0.000117 
-0.002837 
 0.004552 
 0.003222 
-0.003367 
 0.002404 
 0.001959 
-0.001043 
 0.000088 
 0.000134 
-0.000667 
-0.000837 
 0.001160 
 0.003628 
-0.001277 
 0.003419 
 0.005119 
-0.002130 
-0.001732 
-0.001414 
-0.001910 
 0.000402 
 0.003042 
-0.000866 
 0.004677 
 0.008925 
 0.000859 
-0.000804 
-0.002315 
-0.000241 
-0.000808 
-0.001317 
-0.000337 
-0.000964 
-0.000063 
-0.056665 
-0.002529 
 0.003597 
-0.062099 
-0.003522 
 0.004300 
-0.054968 
-0.002203 
 0.006956 
-0.068103 
-0.004644 
-0.004394 
-0.073498 
-0.005929 
-0.004240 
-0.069570 
-0.004923 
 0.001532 
-0.067815 
-0.004408 
 0.005166 
-0.071289 
-0.004987 
 0.004233 
-0.064141 
-0.003344 
 0.007369 
-0.073973 
-0.006427 
-0.018272 
-0.078690 
-0.008030 
-0.018665 
-0.076271 
-0.006923 
-0.011466 
-0.080223 
-0.009065 
-0.032526 
-0.084254 
-0.010963 
-0.033371 
-0.081401 
-0.009378 
-0.026032 
-0.083658 
-0.009669 
-0.019025 
-0.085194 
-0.010416 
-0.020195 
-0.083727 
-0.009105 
-0.012779 
-0.074319 
-0.005439 
 0.002507 
-0.077244 
-0.005768 
 0.000802 
-0.070569 
-0.003894 
 0.004258 
-0.084026 
-0.008475 
-0.007171 
-0.086105 
-0.008985 
-0.008974 
-0.084237 
-0.007697 
-0.002773 
-0.080732 
-0.005922 
-0.001087 
-0.084646 
-0.005696 
-0.003252 
-0.078322 
-0.003495 
 0.000497 
-0.079748 
-0.007261 
-0.004118 
-0.082527 
-0.007983 
-0.005427 
-0.079391 
-0.006754 
 0.000912 
-0.088528 
-0.013051 
-0.047006 
-0.092577 
-0.015562 
-0.049149 
-0.088661 
-0.013263 
-0.041835 
-0.086519 
-0.015006 
-0.057166 
-0.088799 
-0.017486 
-0.058847 
-0.091524 
-0.016686 
-0.054326 
-0.096779 
-0.018218 
-0.051557 
-0.095484 
-0.019146 
-0.052763 
-0.092553 
-0.016686 
-0.045446 
-0.082415 
-0.016834 
-0.066680 
-0.084019 
-0.019742 
-0.068330 
-0.086358 
-0.018549 
-0.063712 
-0.075371 
-0.019590 
-0.070341 
-0.075381 
-0.022739 
-0.070376 
-0.080609 
-0.021171 
-0.070962 
-0.085768 
-0.022835 
-0.070362 
-0.082001 
-0.023632 
-0.068772 
-0.085518 
-0.022236 
-0.065427 
-0.093122 
-0.020078 
-0.053491 
-0.091235 
-0.021239 
-0.054076 
-0.090525 
-0.018874 
-0.047894 
-0.085789 
-0.021922 
-0.060928 
-0.083321 
-0.023142 
-0.060652 
-0.087285 
-0.022092 
-0.057428 
-0.090048 
-0.022578 
-0.054819 
-0.089284 
-0.023871 
-0.055553 
-0.090035 
-0.021255 
-0.050207 
-0.091787 
-0.020313 
-0.061309 
-0.089111 
-0.021092 
-0.061472 
-0.092655 
-0.020091 
-0.057298 
-0.091216 
-0.004900 
-0.006472 
-0.097119 
-0.003071 
-0.009913 
-0.089889 
-0.000552 
-0.005156 
-0.098126 
-0.009171 
-0.017805 
-0.103146 
-0.007729 
-0.021322 
-0.104668 
-0.005754 
-0.014762 
-0.098315 
 0.000072 
-0.015128 
-0.098043 
 0.003986 
-0.020948 
-0.092159 
 0.006459 
-0.015721 
-0.094600 
-0.013378 
-0.031767 
-0.097047 
-0.012499 
-0.034922 
-0.100047 
-0.009956 
-0.028326 
-0.091725 
-0.018914 
-0.045249 
-0.092534 
-0.018741 
-0.047604 
-0.094614 
-0.015446 
-0.041436 
-0.095358 
-0.010141 
-0.039547 
-0.093865 
-0.007255 
-0.044336 
-0.097471 
-0.004027 
-0.038605 
-0.098412 
 0.008853 
-0.027461 
-0.098618 
 0.014576 
-0.034123 
-0.092577 
 0.016814 
-0.028273 
-0.101087 
 0.003382 
-0.038692 
-0.099485 
 0.008772 
-0.044946 
-0.104943 
 0.012137 
-0.039764 
-0.094770 
 0.021610 
-0.040812 
-0.083368 
 0.029542 
-0.045978 
-0.080532 
 0.031197 
-0.040288 
-0.102679 
-0.004771 
-0.026902 
-0.101826 
-0.001083 
-0.032681 
-0.104947 
 0.001455 
-0.026404 
-0.091115 
-0.013548 
-0.035984 
-0.090709 
-0.015435 
-0.039379 
-0.091480 
-0.014548 
-0.037831 
-0.089286 
-0.012457 
-0.029264 
-0.088051 
-0.011447 
-0.022962 
-0.090669 
-0.017642 
-0.042495 
-0.090565 
-0.016579 
-0.041048 
-0.091324 
-0.018557 
-0.044033 
-0.091883 
-0.015903 
-0.036913 
-0.092778 
-0.013591 
-0.029670 
-0.088846 
-0.010630 
-0.017074 
-0.091288 
-0.009723 
-0.011813 
-0.093910 
-0.011549 
-0.022116 
-0.094940 
-0.009852 
-0.014716 
-0.094341 
-0.008235 
-0.007737 
-0.089963 
-0.014323 
-0.033251 
-0.090949 
-0.013118 
-0.027388 
-0.089463 
-0.012340 
-0.025182 
-0.068272 
-0.023754 
-0.071069 
-0.065407 
-0.028490 
-0.070515 
-0.069762 
-0.026247 
-0.071071 
-0.058528 
-0.026184 
-0.068637 
-0.053991 
-0.029582 
-0.066699 
-0.060062 
-0.029532 
-0.068883 
-0.061456 
-0.032792 
-0.069480 
-0.053032 
-0.034067 
-0.063027 
-0.058790 
-0.033466 
-0.065344 
-0.046980 
-0.026148 
-0.065093 
-0.042740 
-0.029914 
-0.063577 
-0.048185 
-0.029745 
-0.065051 
-0.037038 
-0.025902 
-0.060733 
-0.033981 
-0.029142 
-0.055731 
-0.037933 
-0.029950 
-0.061328 
-0.038649 
-0.033785 
-0.062129 
-0.033275 
-0.034804 
-0.052159 
-0.036722 
-0.035426 
-0.057880 
-0.045030 
-0.035801 
-0.056288 
-0.037550 
-0.037843 
-0.049547 
-0.042814 
-0.037336 
-0.051784 
-0.034715 
-0.036921 
-0.052652 
-0.029640 
-0.038241 
-0.042605 
-0.032667 
-0.038539 
-0.047686 
-0.030457 
-0.040272 
-0.042780 
-0.025434 
-0.041829 
-0.032850 
-0.028057 
-0.042095 
-0.037933 
-0.049634 
-0.033365 
-0.065715 
-0.042001 
-0.035055 
-0.059545 
-0.047566 
-0.034652 
-0.061340 
-0.028936 
-0.024412 
-0.051007 
-0.025399 
-0.027755 
-0.046760 
-0.029631 
-0.028379 
-0.050817 
-0.020275 
-0.023027 
-0.043575 
-0.016705 
-0.026785 
-0.040115 
-0.021084 
-0.027248 
-0.043276 
-0.021804 
-0.031195 
-0.043066 
-0.017021 
-0.033465 
-0.035560 
-0.021121 
-0.033615 
-0.038890 
-0.011518 
-0.021907 
-0.037726 
-0.008523 
-0.025837 
-0.035042 
-0.012269 
-0.026420 
-0.037280 
-0.005166 
-0.020056 
-0.034738 
-0.003299 
-0.023544 
-0.033727 
-0.006046 
-0.024635 
-0.034288 
-0.006915 
-0.028932 
-0.033852 
-0.004840 
-0.030705 
-0.029367 
-0.007188 
-0.031874 
-0.029734 
-0.012458 
-0.035937 
-0.026936 
-0.008893 
-0.038167 
-0.018877 
-0.012027 
-0.038208 
-0.021462 
-0.007320 
-0.034451 
-0.024245 
-0.005656 
-0.035523 
-0.019042 
-0.007405 
-0.036819 
-0.018889 
-0.007437 
-0.039028 
-0.013497 
-0.006358 
-0.039702 
-0.008693 
-0.007386 
-0.041036 
-0.008128 
-0.013114 
-0.030834 
-0.037111 
-0.009319 
-0.033351 
-0.030326 
-0.012946 
-0.033688 
-0.032687 
-0.020963 
-0.043821 
-0.022158 
-0.016443 
-0.044708 
-0.012669 
-0.018633 
-0.044866 
-0.018050 
-0.015885 
-0.043885 
-0.012208 
-0.011658 
-0.045275 
-0.003086 
-0.014138 
-0.044905 
-0.007737 
-0.011650 
-0.043696 
-0.005820 
-0.007135 
-0.042844 
 0.000670 
-0.009130 
-0.042680 
-0.004090 
-0.010184 
-0.044652 
-0.003936 
-0.006732 
-0.046364 
 0.004876 
-0.009067 
-0.046035 
 0.001454 
-0.007266 
-0.043265 
-0.002121 
-0.006878 
-0.043224 
 0.001700 
-0.006967 
-0.044764 
 0.003306 
-0.005928 
-0.043920 
 0.006071 
-0.005682 
-0.041588 
 0.006426 
-0.004694 
-0.042614 
 0.007825 
-0.002976 
-0.042286 
 0.007004 
 0.000233 
-0.041584 
 0.012463 
-0.000744 
-0.040660 
 0.007738 
-0.003377 
-0.041451 
 0.009414 
-0.004108 
-0.039488 
 0.008877 
-0.002068 
-0.040439 
 0.010623 
-0.000557 
-0.037622 
 0.009754 
-0.002219 
-0.032600 
 0.005044 
 0.001114 
-0.032257 
 0.005714 
-0.007177 
-0.044838 
 0.003499 
-0.003430 
-0.043998 
 0.009370 
-0.005127 
-0.043575 
 0.005383 
-0.031276 
-0.032967 
-0.052250 
-0.020812 
-0.036417 
-0.034251 
-0.025928 
-0.034626 
-0.043497 
-0.030172 
-0.035129 
-0.048100 
-0.028701 
-0.036971 
-0.043060 
-0.011808 
-0.041124 
-0.015891 
-0.016109 
-0.038705 
-0.025066 
-0.008285 
-0.043347 
-0.007176 
-0.011188 
-0.043270 
-0.009948 
-0.014472 
-0.042923 
-0.013735 
-0.027194 
-0.038967 
-0.038025 
-0.025488 
-0.040845 
-0.032975 
-0.017715 
-0.042731 
-0.017950 
-0.020717 
-0.042640 
-0.022580 
-0.023555 
-0.042727 
-0.027828 
-0.020048 
-0.038766 
-0.028933 
-0.019019 
-0.040860 
-0.023458 
-0.023788 
-0.038858 
-0.033231 
-0.064888 
 0.044861 
-0.053075 
-0.047702 
 0.054513 
-0.053460 
-0.055146 
 0.049833 
-0.047339 
-0.040571 
 0.047298 
-0.060479 
-0.022262 
 0.053078 
-0.055962 
-0.038002 
 0.058447 
-0.057311 
-0.028232 
 0.061257 
-0.048796 
-0.008302 
 0.065177 
-0.040594 
-0.017597 
 0.062804 
-0.038588 
-0.012247 
 0.035939 
-0.058379 
 0.003044 
 0.040076 
-0.053996 
-0.008367 
 0.046706 
-0.054936 
 0.008153 
 0.022944 
-0.054989 
 0.015766 
 0.023201 
-0.049521 
 0.012574 
 0.033331 
-0.053107 
 0.017880 
 0.044106 
-0.049200 
 0.025730 
 0.042719 
-0.042002 
 0.024128 
 0.055113 
-0.043208 
 0.011819 
 0.068762 
-0.030914 
 0.030418 
 0.071319 
-0.020707 
 0.021194 
 0.067313 
-0.018328 
 0.031828 
 0.066587 
-0.034744 
 0.038307 
 0.061627 
-0.025600 
 0.039336 
 0.075417 
-0.023956 
 0.045436 
 0.071159 
-0.010270 
 0.049589 
 0.063033 
-0.000693 
 0.051169 
 0.065190 
 0.003760 
-0.003704 
 0.058301 
-0.049999 
 0.014606 
 0.062794 
-0.042645 
 0.002459 
 0.068967 
-0.042685 
 0.013263 
 0.005172 
-0.044298 
 0.016881 
 0.004970 
-0.040205 
 0.016695 
 0.013042 
-0.045348 
 0.014450 
-0.006969 
-0.028225 
 0.015726 
-0.006967 
-0.025423 
 0.016839 
-0.001316 
-0.032756 
 0.019113 
 0.004615 
-0.037070 
 0.019937 
 0.004070 
-0.034814 
 0.021972 
 0.011229 
-0.037787 
 0.012007 
-0.017281 
-0.012285 
 0.011818 
-0.016862 
-0.010248 
 0.014081 
-0.012222 
-0.017833 
 0.003643 
-0.024889 
-0.001706 
-0.000498 
-0.022956 
-0.004820 
 0.005178 
-0.019854 
-0.007340 
 0.006312 
-0.014882 
-0.013354 
 0.000573 
-0.013118 
-0.016519 
 0.007166 
-0.010068 
-0.019228 
 0.019540 
 0.003401 
-0.033630 
 0.017261 
 0.002812 
-0.033105 
 0.021442 
 0.008578 
-0.034041 
 0.007949 
-0.005168 
-0.025095 
 0.001062 
-0.003592 
-0.027772 
 0.008710 
-0.000338 
-0.030560 
 0.009446 
 0.004581 
-0.034959 
 0.001529 
 0.006119 
-0.036601 
 0.010346 
 0.009012 
-0.035239 
 0.016071 
-0.007151 
-0.023436 
 0.014748 
-0.007109 
-0.022347 
 0.017912 
-0.001932 
-0.028738 
 0.051596 
 0.053952 
 0.007763 
 0.050211 
 0.045157 
 0.012221 
 0.054148 
 0.046834 
 0.019457 
 0.042232 
 0.042464 
-0.007408 
 0.038892 
 0.035598 
-0.006599 
 0.046020 
 0.044239 
 0.003202 
 0.047027 
 0.036354 
 0.014264 
 0.042386 
 0.027686 
 0.013962 
 0.047988 
 0.027741 
 0.024881 
 0.028708 
 0.022762 
-0.023021 
 0.023281 
 0.019264 
-0.024392 
 0.031390 
 0.026049 
-0.016104 
 0.011136 
 0.013624 
-0.033883 
 0.002501 
 0.014617 
-0.035026 
 0.012249 
 0.017231 
-0.030713 
 0.013460 
 0.020339 
-0.025940 
 0.003740 
 0.021305 
-0.026811 
 0.014797 
 0.022852 
-0.019813 
 0.036717 
 0.019053 
 0.011686 
 0.029009 
 0.013430 
 0.007679 
 0.037023 
 0.009670 
 0.021410 
 0.016135 
 0.024782 
-0.012425 
 0.005204 
 0.025675 
-0.013332 
 0.017333 
 0.023456 
-0.004171 
 0.017806 
 0.014446 
 0.005086 
 0.006936 
 0.015339 
 0.004013 
 0.018386 
 0.005027 
 0.014229 
 0.034480 
 0.028876 
-0.007809 
 0.027454 
 0.023889 
-0.010578 
 0.036788 
 0.028299 
 0.001671 
 0.021214 
 0.022340 
-0.045128 
 0.025831 
 0.018685 
-0.036768 
 0.024423 
 0.020645 
-0.040400 
 0.025929 
 0.031446 
-0.041786 
 0.031137 
 0.040356 
-0.036132 
 0.024022 
 0.014070 
-0.032940 
 0.025695 
 0.016519 
-0.034270 
 0.020241 
 0.012131 
-0.032891 
 0.026454 
 0.018908 
-0.029144 
 0.032185 
 0.027721 
-0.023973 
 0.037142 
 0.049181 
-0.027911 
 0.043377 
 0.057100 
-0.017711 
 0.038341 
 0.038274 
-0.017737 
 0.044397 
 0.050298 
-0.011367 
 0.049479 
 0.062112 
-0.005453 
 0.029793 
 0.025814 
-0.032819 
 0.033969 
 0.032424 
-0.026352 
 0.033748 
 0.036719 
-0.030491 
-0.079637 
-0.029604 
-0.077117 
-0.062497 
-0.034332 
-0.065897 
-0.071157 
-0.031835 
-0.072132 
-0.080131 
-0.028492 
-0.074015 
-0.080951 
-0.027648 
-0.070934 
-0.045537 
-0.040684 
-0.051641 
-0.053883 
-0.037467 
-0.058965 
-0.028707 
-0.047093 
-0.035703 
-0.037156 
-0.044043 
-0.043847 
-0.045272 
-0.038556 
-0.048722 
-0.045559 
-0.036317 
-0.046541 
-0.054462 
-0.034232 
-0.053281 
-0.083083 
-0.027444 
-0.068433 
-0.086171 
-0.027572 
-0.066312 
-0.065223 
-0.030975 
-0.057605 
-0.067681 
-0.030042 
-0.055911 
