49.820618 
49.820618 
49.820618 
49.820618 
67.820618 
31.820618 
62.548540 
62.548540 
49.820618 
62.548540 
49.820618 
62.548540 
49.820618 
49.820618 
37.092696 
37.092696 
37.092696 
37.092696 
56.708920 
57.169087 
49.820618 
66.450450 
66.450450 
64.517557 
57.169087 
56.708920 
49.820618 
57.169087 
49.820618 
66.450450 
64.517557 
57.169087 
56.708920 
49.820618 
57.169087 
49.820618 
66.450450 
64.517557 
57.169087 
56.708920 
49.820618 
57.169087 
49.820618 
64.517557 
57.169087 
49.820618 
42.472149 
42.932316 
42.932316 
42.472149 
35.123680 
33.190786 
33.190786 
42.472149 
42.932316 
42.472149 
35.123680 
33.190786 
42.472149 
42.932316 
42.472149 
35.123680 
33.190786 
42.472149 
42.472149 
35.123680 
53.332244 
53.398241 
49.820618 
59.820882 
60.212923 
57.103689 
53.579857 
53.624466 
49.820618 
64.787071 
65.846379 
64.016770 
67.474753 
67.474753 
67.094912 
65.846379 
64.787071 
64.016770 
53.624466 
53.579857 
49.820618 
60.212923 
59.820882 
57.103689 
53.398241 
53.332244 
49.820618 
61.333457 
61.333457 
57.495844 
53.398241 
49.820618 
60.212923 
57.103689 
53.579857 
53.624466 
49.820618 
65.846379 
64.016770 
67.474753 
67.094912 
65.846379 
64.787071 
64.016770 
53.624466 
53.579857 
49.820618 
60.212923 
59.820882 
57.103689 
53.398241 
53.332244 
49.820618 
61.333457 
61.333457 
57.495844 
53.398241 
49.820618 
60.212923 
57.103689 
53.579857 
53.624466 
49.820618 
65.846379 
64.016770 
67.474753 
67.094912 
65.846379 
64.787071 
64.016770 
53.624466 
53.579857 
49.820618 
60.212923 
59.820882 
57.103689 
53.398241 
53.332244 
49.820618 
61.333457 
61.333457 
57.495844 
53.398241 
49.820618 
60.212923 
57.103689 
53.579857 
53.624466 
49.820618 
65.846379 
64.016770 
67.094912 
65.846379 
64.016770 
53.624466 
53.579857 
49.820618 
60.212923 
57.103689 
53.398241 
49.820618 
61.333457 
61.333457 
57.495844 
46.242995 
46.308992 
46.016770 
46.061379 
42.537547 
39.428313 
39.820354 
46.061379 
46.016770 
46.308992 
46.242995 
42.537547 
39.820354 
39.428313 
35.624466 
33.794857 
34.854165 
35.624466 
34.854165 
33.794857 
32.546324 
32.166483 
32.166483 
42.145392 
38.307779 
38.307779 
46.242995 
46.016770 
46.061379 
42.537547 
39.428313 
46.061379 
46.016770 
46.308992 
46.242995 
42.537547 
39.820354 
39.428313 
35.624466 
33.794857 
35.624466 
34.854165 
33.794857 
32.546324 
32.166483 
42.145392 
38.307779 
38.307779 
46.242995 
46.016770 
46.061379 
42.537547 
39.428313 
46.061379 
46.016770 
46.308992 
46.242995 
42.537547 
39.820354 
39.428313 
35.624466 
33.794857 
35.624466 
34.854165 
33.794857 
32.546324 
32.166483 
42.145392 
38.307779 
38.307779 
46.242995 
46.016770 
46.061379 
42.537547 
39.428313 
46.061379 
46.016770 
46.242995 
42.537547 
39.428313 
35.624466 
33.794857 
35.624466 
33.794857 
32.546324 
42.145392 
38.307779 
38.307779 
51.584927 
51.593380 
49.820618 
55.045742 
55.103082 
53.383083 
51.618433 
51.626351 
49.820618 
58.305759 
58.538761 
56.946703 
61.239697 
61.480483 
60.077292 
58.703025 
58.767547 
57.178098 
51.710954 
51.716871 
49.820618 
55.406137 
55.444893 
53.621296 
51.733806 
51.738953 
49.820618 
55.283353 
55.395445 
53.510929 
63.734806 
64.488281 
63.398819 
65.695201 
66.241506 
65.453859 
65.008037 
65.269549 
64.391822 
67.045544 
67.372732 
66.933038 
67.733943 
67.733943 
67.645169 
67.372732 
67.045544 
66.933038 
65.269549 
65.008037 
64.391822 
66.241506 
65.695201 
65.453859 
64.488281 
63.734806 
63.398819 
66.569950 
66.569950 
66.002169 
51.738953 
51.733806 
49.820618 
55.444893 
55.406137 
53.621296 
51.716871 
51.710954 
49.820618 
58.767547 
58.703025 
57.178098 
61.480483 
61.239697 
60.077292 
58.538761 
58.305759 
56.946703 
51.626351 
51.618433 
49.820618 
55.103082 
55.045742 
53.383083 
51.593380 
51.584927 
49.820618 
55.395445 
55.283353 
53.510929 
62.254449 
63.067252 
62.792978 
60.873615 
59.353276 
62.792978 
63.067252 
62.254449 
60.873615 
59.353276 
57.413715 
55.612781 
57.413715 
55.612781 
53.667659 
61.466558 
59.525568 
59.525568 
51.593380 
49.820618 
55.103082 
53.383083 
51.618433 
51.626351 
49.820618 
58.538761 
56.946703 
61.480483 
60.077292 
58.703025 
58.767547 
57.178098 
51.710954 
51.716871 
49.820618 
55.406137 
55.444893 
53.621296 
51.733806 
51.738953 
49.820618 
55.283353 
55.395445 
53.510929 
64.488281 
63.398819 
66.241506 
65.453859 
65.008037 
65.269549 
64.391822 
67.372732 
66.933038 
67.733943 
67.645169 
67.372732 
67.045544 
66.933038 
65.269549 
65.008037 
64.391822 
66.241506 
65.695201 
65.453859 
64.488281 
63.734806 
63.398819 
66.569950 
66.569950 
66.002169 
51.738953 
51.733806 
49.820618 
55.444893 
55.406137 
53.621296 
51.716871 
51.710954 
49.820618 
58.767547 
58.703025 
57.178098 
61.480483 
61.239697 
60.077292 
58.538761 
58.305759 
56.946703 
51.626351 
51.618433 
49.820618 
55.103082 
55.045742 
53.383083 
51.593380 
51.584927 
49.820618 
55.395445 
55.283353 
53.510929 
62.254449 
63.067252 
62.792978 
60.873615 
59.353276 
62.792978 
63.067252 
62.254449 
60.873615 
59.353276 
57.413715 
55.612781 
57.413715 
55.612781 
53.667659 
61.466558 
59.525568 
59.525568 
51.593380 
49.820618 
55.103082 
53.383083 
51.618433 
51.626351 
49.820618 
58.538761 
56.946703 
61.480483 
60.077292 
58.703025 
58.767547 
57.178098 
51.710954 
51.716871 
49.820618 
55.406137 
55.444893 
53.621296 
51.733806 
51.738953 
49.820618 
55.283353 
55.395445 
53.510929 
64.488281 
63.398819 
66.241506 
65.453859 
65.008037 
65.269549 
64.391822 
67.372732 
66.933038 
67.733943 
67.645169 
67.372732 
67.045544 
66.933038 
65.269549 
65.008037 
64.391822 
66.241506 
65.695201 
65.453859 
64.488281 
63.734806 
63.398819 
66.569950 
66.569950 
66.002169 
51.738953 
51.733806 
49.820618 
55.444893 
55.406137 
53.621296 
51.716871 
51.710954 
49.820618 
58.767547 
58.703025 
57.178098 
61.480483 
61.239697 
60.077292 
58.538761 
58.305759 
56.946703 
51.626351 
51.618433 
49.820618 
55.103082 
55.045742 
53.383083 
51.593380 
51.584927 
49.820618 
55.395445 
55.283353 
53.510929 
62.254449 
63.067252 
62.792978 
60.873615 
59.353276 
62.792978 
63.067252 
62.254449 
60.873615 
59.353276 
57.413715 
55.612781 
57.413715 
55.612781 
53.667659 
61.466558 
59.525568 
59.525568 
51.593380 
49.820618 
55.103082 
53.383083 
51.618433 
51.626351 
49.820618 
58.538761 
56.946703 
61.480483 
60.077292 
58.703025 
58.767547 
57.178098 
51.710954 
51.716871 
49.820618 
55.406137 
55.444893 
53.621296 
51.733806 
51.738953 
49.820618 
55.283353 
55.395445 
53.510929 
64.488281 
63.398819 
66.241506 
65.453859 
65.008037 
65.269549 
64.391822 
67.372732 
66.933038 
67.645169 
67.372732 
66.933038 
65.269549 
65.008037 
64.391822 
66.241506 
65.453859 
64.488281 
63.398819 
66.569950 
66.569950 
66.002169 
51.738953 
51.733806 
49.820618 
55.444893 
55.406137 
53.621296 
51.716871 
51.710954 
49.820618 
58.767547 
58.703025 
57.178098 
61.480483 
60.077292 
58.538761 
56.946703 
51.626351 
51.618433 
49.820618 
55.103082 
53.383083 
51.593380 
49.820618 
55.395445 
55.283353 
53.510929 
62.254449 
63.067252 
62.792978 
60.873615 
59.353276 
62.792978 
63.067252 
62.254449 
60.873615 
59.353276 
57.413715 
55.612781 
57.413715 
55.612781 
53.667659 
61.466558 
59.525568 
59.525568 
48.047856 
48.056310 
48.014885 
48.022803 
46.258153 
44.538155 
44.595494 
47.924365 
47.930282 
47.902283 
47.907430 
46.019940 
44.196343 
44.235099 
42.694533 
41.102476 
41.335477 
42.463138 
40.873689 
40.938211 
39.563944 
38.160753 
38.401539 
46.130307 
44.245791 
44.357883 
47.907430 
47.902283 
47.930282 
47.924365 
46.019940 
44.235099 
44.196343 
48.022803 
48.014885 
48.056310 
48.047856 
46.258153 
44.595494 
44.538155 
42.463138 
40.938211 
40.873689 
42.694533 
41.335477 
41.102476 
39.563944 
38.401539 
38.160753 
46.130307 
44.357883 
44.245791 
36.242417 
35.152955 
35.906430 
35.249414 
34.371687 
34.633199 
34.187377 
33.399731 
33.946035 
35.249414 
34.633199 
34.371687 
36.242417 
35.906430 
35.152955 
34.187377 
33.946035 
33.399731 
32.708198 
32.268504 
32.595692 
32.708198 
32.595692 
32.268504 
31.996067 
31.907293 
31.907293 
33.639067 
33.071286 
33.071286 
45.973578 
42.227521 
44.028455 
44.028455 
42.227521 
38.767621 
40.287960 
37.386788 
36.848259 
36.573984 
40.287960 
38.767621 
36.573984 
36.848259 
37.386788 
40.115668 
38.174679 
40.115668 
48.047856 
48.014885 
48.022803 
46.258153 
44.538155 
47.924365 
47.930282 
47.902283 
47.907430 
46.019940 
44.196343 
44.235099 
42.694533 
41.102476 
42.463138 
40.873689 
40.938211 
39.563944 
38.160753 
46.130307 
44.245791 
44.357883 
47.907430 
47.902283 
47.930282 
47.924365 
46.019940 
44.235099 
44.196343 
48.022803 
48.014885 
48.056310 
48.047856 
46.258153 
44.595494 
44.538155 
42.463138 
40.938211 
40.873689 
42.694533 
41.335477 
41.102476 
39.563944 
38.401539 
38.160753 
46.130307 
44.357883 
44.245791 
36.242417 
35.152955 
35.249414 
34.371687 
34.633199 
34.187377 
33.399731 
35.249414 
34.633199 
34.371687 
36.242417 
35.906430 
35.152955 
34.187377 
33.946035 
33.399731 
32.708198 
32.268504 
32.708198 
32.595692 
32.268504 
31.996067 
31.907293 
33.639067 
33.071286 
33.071286 
45.973578 
42.227521 
44.028455 
44.028455 
42.227521 
38.767621 
40.287960 
37.386788 
36.848259 
36.573984 
40.287960 
38.767621 
36.573984 
36.848259 
37.386788 
40.115668 
38.174679 
40.115668 
48.047856 
48.014885 
48.022803 
46.258153 
44.538155 
47.924365 
47.930282 
47.902283 
47.907430 
46.019940 
44.196343 
44.235099 
42.694533 
41.102476 
42.463138 
40.873689 
40.938211 
39.563944 
38.160753 
46.130307 
44.245791 
44.357883 
47.907430 
47.902283 
47.930282 
47.924365 
46.019940 
44.235099 
44.196343 
48.022803 
48.014885 
48.056310 
48.047856 
46.258153 
44.595494 
44.538155 
42.463138 
40.938211 
40.873689 
42.694533 
41.335477 
41.102476 
39.563944 
38.401539 
38.160753 
46.130307 
44.357883 
44.245791 
36.242417 
35.152955 
35.249414 
34.371687 
34.633199 
34.187377 
33.399731 
35.249414 
34.633199 
34.371687 
36.242417 
35.906430 
35.152955 
34.187377 
33.946035 
33.399731 
32.708198 
32.268504 
32.708198 
32.595692 
32.268504 
31.996067 
31.907293 
33.639067 
33.071286 
33.071286 
45.973578 
42.227521 
44.028455 
44.028455 
42.227521 
38.767621 
40.287960 
37.386788 
36.848259 
36.573984 
40.287960 
38.767621 
36.573984 
36.848259 
37.386788 
40.115668 
38.174679 
40.115668 
48.047856 
48.014885 
48.022803 
46.258153 
44.538155 
47.924365 
47.930282 
47.902283 
47.907430 
46.019940 
44.196343 
44.235099 
42.694533 
41.102476 
42.463138 
40.873689 
40.938211 
39.563944 
38.160753 
46.130307 
44.245791 
44.357883 
47.907430 
47.902283 
47.930282 
47.924365 
46.019940 
44.235099 
44.196343 
48.022803 
48.014885 
48.047856 
46.258153 
44.538155 
42.463138 
40.938211 
40.873689 
42.694533 
41.102476 
39.563944 
38.160753 
46.130307 
44.357883 
44.245791 
36.242417 
35.152955 
35.249414 
34.371687 
34.633199 
34.187377 
33.399731 
35.249414 
34.633199 
34.371687 
36.242417 
35.152955 
34.187377 
33.399731 
32.708198 
32.268504 
32.708198 
32.268504 
31.996067 
33.639067 
33.071286 
33.071286 
45.973578 
42.227521 
44.028455 
44.028455 
42.227521 
38.767621 
40.287960 
37.386788 
36.848259 
36.573984 
40.287960 
38.767621 
36.573984 
36.848259 
37.386788 
40.115668 
38.174679 
40.115668 
50.703836 
50.704899 
49.820618 
52.461767 
52.469150 
51.591307 
50.708078 
50.709125 
49.820618 
54.194261 
54.224796 
53.362100 
55.884635 
55.920307 
55.081066 
54.248470 
54.261076 
53.395140 
50.720653 
50.721650 
49.820618 
52.511709 
52.518624 
51.624587 
50.724628 
50.725607 
49.820618 
52.491611 
52.507221 
51.608168 
57.516610 
57.643510 
56.837764 
59.074467 
59.200414 
58.434593 
57.752392 
57.838828 
57.035428 
60.543206 
60.681898 
59.964029 
61.908679 
62.040676 
61.377272 
60.792254 
60.870361 
60.160338 
57.913550 
57.958097 
57.151290 
59.470127 
59.510983 
58.748071 
57.983216 
57.985800 
57.184036 
59.320127 
59.411352 
58.634002 
50.767128 
50.767878 
49.820618 
52.649417 
52.654586 
51.716221 
50.770104 
50.770831 
49.820618 
54.499633 
54.523851 
53.605343 
56.296797 
56.320908 
55.432661 
54.539853 
54.544794 
53.627676 
50.778623 
50.779278 
49.820618 
52.683353 
52.687849 
51.738717 
50.781214 
50.781844 
49.820618 
52.673327 
52.683878 
51.727768 
56.034211 
56.202988 
56.129929 
55.200936 
54.347512 
56.296059 
56.265097 
56.307853 
55.408806 
54.498925 
53.459983 
52.572588 
53.550926 
52.617547 
51.671428 
55.347693 
54.460149 
54.408275 
63.157738 
63.587280 
63.001902 
64.278354 
64.659535 
64.142404 
63.960777 
64.273816 
63.737592 
65.259733 
65.597117 
65.154128 
66.092425 
66.369448 
66.004099 
65.867227 
66.066984 
65.684947 
64.530930 
64.721269 
64.235159 
65.446888 
65.580315 
65.171873 
64.849822 
64.914961 
64.486089 
64.990394 
65.253904 
64.781219 
66.768411 
67.011036 
66.731407 
67.281181 
67.445823 
67.250230 
67.173999 
67.255664 
67.054396 
67.625795 
67.711316 
67.602514 
67.798936 
67.798936 
67.777124 
67.711316 
67.625795 
67.602514 
67.255664 
67.173999 
67.054396 
67.445823 
67.281181 
67.250230 
67.011036 
66.768411 
66.731407 
67.531362 
67.531362 
67.415058 
64.914961 
64.849822 
64.486089 
65.580315 
65.446888 
65.171873 
64.721269 
64.530930 
64.235159 
66.066984 
65.867227 
65.684947 
66.369448 
66.092425 
66.004099 
65.597117 
65.259733 
65.154128 
64.273816 
63.960777 
63.737592 
64.659535 
64.278354 
64.142404 
63.587280 
63.157738 
63.001902 
65.253904 
64.990394 
64.781219 
66.612454 
66.857703 
66.775819 
66.444991 
66.232509 
66.775819 
66.857703 
66.612454 
66.444991 
66.232509 
65.963175 
65.658573 
65.963175 
65.658573 
65.307114 
66.610699 
66.310803 
66.310803 
50.781844 
50.781214 
49.820618 
52.687849 
52.683353 
51.738717 
50.779278 
50.778623 
49.820618 
54.544794 
54.539853 
53.627676 
56.320908 
56.296797 
55.432661 
54.523851 
54.499633 
53.605343 
50.770831 
50.770104 
49.820618 
52.654586 
52.649417 
51.716221 
50.767878 
50.767128 
49.820618 
52.683878 
52.673327 
51.727768 
57.985800 
57.983216 
57.184036 
59.510983 
59.470127 
58.748071 
57.958097 
57.913550 
57.151290 
60.870361 
60.792254 
60.160338 
62.040676 
61.908679 
61.377272 
60.681898 
60.543206 
59.964029 
57.838828 
57.752392 
57.035428 
59.200414 
59.074467 
58.434593 
57.643510 
57.516610 
56.837764 
59.411352 
59.320127 
58.634002 
50.725607 
50.724628 
49.820618 
52.518624 
52.511709 
51.624587 
50.721650 
50.720653 
49.820618 
54.261076 
54.248470 
53.395140 
55.920307 
55.884635 
55.081066 
54.224796 
54.194261 
53.362100 
50.709125 
50.708078 
49.820618 
52.469150 
52.461767 
51.591307 
50.704899 
50.703836 
49.820618 
52.507221 
52.491611 
51.608168 
56.307853 
56.265097 
56.296059 
55.408806 
54.498925 
56.129929 
56.202988 
56.034211 
55.200936 
54.347512 
53.550926 
52.617547 
53.459983 
52.572588 
51.671428 
55.347693 
54.408275 
54.460149 
62.475636 
63.173141 
62.854968 
61.893711 
61.265856 
63.629851 
63.435835 
63.829931 
63.761704 
62.958683 
62.233605 
62.091121 
60.567708 
59.847775 
61.129252 
60.371629 
60.135875 
59.081781 
58.283852 
62.553123 
61.867589 
61.591220 
63.761704 
63.829931 
63.435835 
63.629851 
62.958683 
62.091121 
62.233605 
62.854968 
63.173141 
62.475636 
61.893711 
61.265856 
61.129252 
60.135875 
60.371629 
60.567708 
59.847775 
59.081781 
58.283852 
62.553123 
61.591220 
61.867589 
57.311467 
56.444588 
57.475284 
56.569660 
56.527833 
55.544360 
54.629559 
57.475284 
56.527833 
56.569660 
57.311467 
56.444588 
55.544360 
54.629559 
53.656845 
52.709586 
53.656845 
52.709586 
51.744424 
55.629316 
54.651378 
54.651378 
63.105871 
61.433235 
62.300905 
62.300905 
61.433235 
59.465698 
60.459955 
58.408460 
58.493269 
58.535642 
60.459955 
59.465698 
58.535642 
58.493269 
58.408460 
60.527232 
59.553903 
60.527232 
50.704899 
49.820618 
52.469150 
51.591307 
50.708078 
50.709125 
49.820618 
54.224796 
53.362100 
55.920307 
55.081066 
54.248470 
54.261076 
53.395140 
50.720653 
50.721650 
49.820618 
52.511709 
52.518624 
51.624587 
50.724628 
50.725607 
49.820618 
52.491611 
52.507221 
51.608168 
57.643510 
56.837764 
59.200414 
58.434593 
57.752392 
57.838828 
57.035428 
60.681898 
59.964029 
62.040676 
61.377272 
60.792254 
60.870361 
60.160338 
57.913550 
57.958097 
57.151290 
59.470127 
59.510983 
58.748071 
57.983216 
57.985800 
57.184036 
59.320127 
59.411352 
58.634002 
50.767128 
50.767878 
49.820618 
52.649417 
52.654586 
51.716221 
50.770104 
50.770831 
49.820618 
54.499633 
54.523851 
53.605343 
56.296797 
56.320908 
55.432661 
54.539853 
54.544794 
53.627676 
50.778623 
50.779278 
49.820618 
52.683353 
52.687849 
51.738717 
50.781214 
50.781844 
49.820618 
52.673327 
52.683878 
51.727768 
56.034211 
56.202988 
56.129929 
55.200936 
54.347512 
56.296059 
56.265097 
56.307853 
55.408806 
54.498925 
53.459983 
52.572588 
53.550926 
52.617547 
51.671428 
55.347693 
54.460149 
54.408275 
63.587280 
63.001902 
64.659535 
64.142404 
63.960777 
64.273816 
63.737592 
65.597117 
65.154128 
66.369448 
66.004099 
65.867227 
66.066984 
65.684947 
64.530930 
64.721269 
64.235159 
65.446888 
65.580315 
65.171873 
64.849822 
64.914961 
64.486089 
64.990394 
65.253904 
64.781219 
67.011036 
66.731407 
67.445823 
67.250230 
67.173999 
67.255664 
67.054396 
67.711316 
67.602514 
67.798936 
67.777124 
67.711316 
67.625795 
67.602514 
67.255664 
67.173999 
67.054396 
67.445823 
67.281181 
67.250230 
67.011036 
66.768411 
66.731407 
67.531362 
67.531362 
67.415058 
64.914961 
64.849822 
64.486089 
65.580315 
65.446888 
65.171873 
64.721269 
64.530930 
64.235159 
66.066984 
65.867227 
65.684947 
66.369448 
66.092425 
66.004099 
65.597117 
65.259733 
65.154128 
64.273816 
63.960777 
63.737592 
64.659535 
64.278354 
64.142404 
63.587280 
63.157738 
63.001902 
65.253904 
64.990394 
64.781219 
66.612454 
66.857703 
66.775819 
66.444991 
66.232509 
66.775819 
66.857703 
66.612454 
66.444991 
66.232509 
65.963175 
65.658573 
65.963175 
65.658573 
65.307114 
66.610699 
66.310803 
66.310803 
50.781844 
50.781214 
49.820618 
52.687849 
52.683353 
51.738717 
50.779278 
50.778623 
49.820618 
54.544794 
54.539853 
53.627676 
56.320908 
56.296797 
55.432661 
54.523851 
54.499633 
53.605343 
50.770831 
50.770104 
49.820618 
52.654586 
52.649417 
51.716221 
50.767878 
50.767128 
49.820618 
52.683878 
52.673327 
51.727768 
57.985800 
57.983216 
57.184036 
59.510983 
59.470127 
58.748071 
57.958097 
57.913550 
57.151290 
60.870361 
60.792254 
60.160338 
62.040676 
61.908679 
61.377272 
60.681898 
60.543206 
59.964029 
57.838828 
57.752392 
57.035428 
59.200414 
59.074467 
58.434593 
57.643510 
57.516610 
56.837764 
59.411352 
59.320127 
58.634002 
50.725607 
50.724628 
49.820618 
52.518624 
52.511709 
51.624587 
50.721650 
50.720653 
49.820618 
54.261076 
54.248470 
53.395140 
55.920307 
55.884635 
55.081066 
54.224796 
54.194261 
53.362100 
50.709125 
50.708078 
49.820618 
52.469150 
52.461767 
51.591307 
50.704899 
50.703836 
49.820618 
52.507221 
52.491611 
51.608168 
56.307853 
56.265097 
56.296059 
55.408806 
54.498925 
56.129929 
56.202988 
56.034211 
55.200936 
54.347512 
53.550926 
52.617547 
53.459983 
52.572588 
51.671428 
55.347693 
54.408275 
54.460149 
62.475636 
63.173141 
62.854968 
61.893711 
61.265856 
63.629851 
63.435835 
63.829931 
63.761704 
62.958683 
62.233605 
62.091121 
60.567708 
59.847775 
61.129252 
60.371629 
60.135875 
59.081781 
58.283852 
62.553123 
61.867589 
61.591220 
63.761704 
63.829931 
63.435835 
63.629851 
62.958683 
62.091121 
62.233605 
62.854968 
63.173141 
62.475636 
61.893711 
61.265856 
61.129252 
60.135875 
60.371629 
60.567708 
59.847775 
59.081781 
58.283852 
62.553123 
61.591220 
61.867589 
57.311467 
56.444588 
57.475284 
56.569660 
56.527833 
55.544360 
54.629559 
57.475284 
56.527833 
56.569660 
57.311467 
56.444588 
55.544360 
54.629559 
53.656845 
52.709586 
53.656845 
52.709586 
51.744424 
55.629316 
54.651378 
54.651378 
63.105871 
61.433235 
62.300905 
62.300905 
61.433235 
59.465698 
60.459955 
58.408460 
58.493269 
58.535642 
60.459955 
59.465698 
58.535642 
58.493269 
58.408460 
60.527232 
59.553903 
60.527232 
50.704899 
49.820618 
52.469150 
51.591307 
50.708078 
50.709125 
49.820618 
54.224796 
53.362100 
55.920307 
55.081066 
54.248470 
54.261076 
53.395140 
50.720653 
50.721650 
49.820618 
52.511709 
52.518624 
51.624587 
50.724628 
50.725607 
49.820618 
52.491611 
52.507221 
51.608168 
57.643510 
56.837764 
59.200414 
58.434593 
57.752392 
57.838828 
57.035428 
60.681898 
59.964029 
62.040676 
61.377272 
60.792254 
60.870361 
60.160338 
57.913550 
57.958097 
57.151290 
59.470127 
59.510983 
58.748071 
57.983216 
57.985800 
57.184036 
59.320127 
59.411352 
58.634002 
50.767128 
50.767878 
49.820618 
52.649417 
52.654586 
51.716221 
50.770104 
50.770831 
49.820618 
54.499633 
54.523851 
53.605343 
56.296797 
56.320908 
55.432661 
54.539853 
54.544794 
53.627676 
50.778623 
50.779278 
49.820618 
52.683353 
52.687849 
51.738717 
50.781214 
50.781844 
49.820618 
52.673327 
52.683878 
51.727768 
56.034211 
56.202988 
56.129929 
55.200936 
54.347512 
56.296059 
56.265097 
56.307853 
55.408806 
54.498925 
53.459983 
52.572588 
53.550926 
52.617547 
51.671428 
55.347693 
54.460149 
54.408275 
63.587280 
63.001902 
64.659535 
64.142404 
63.960777 
64.273816 
63.737592 
65.597117 
65.154128 
66.369448 
66.004099 
65.867227 
66.066984 
65.684947 
64.530930 
64.721269 
64.235159 
65.446888 
65.580315 
65.171873 
64.849822 
64.914961 
64.486089 
64.990394 
65.253904 
64.781219 
67.011036 
66.731407 
67.445823 
67.250230 
67.173999 
67.255664 
67.054396 
67.711316 
67.602514 
67.798936 
67.777124 
67.711316 
67.625795 
67.602514 
67.255664 
67.173999 
67.054396 
67.445823 
67.281181 
67.250230 
67.011036 
66.768411 
66.731407 
67.531362 
67.531362 
67.415058 
64.914961 
64.849822 
64.486089 
65.580315 
65.446888 
65.171873 
64.721269 
64.530930 
64.235159 
66.066984 
65.867227 
65.684947 
66.369448 
66.092425 
66.004099 
65.597117 
65.259733 
65.154128 
64.273816 
63.960777 
63.737592 
64.659535 
64.278354 
64.142404 
63.587280 
63.157738 
63.001902 
65.253904 
64.990394 
64.781219 
66.612454 
66.857703 
66.775819 
66.444991 
66.232509 
66.775819 
66.857703 
66.612454 
66.444991 
66.232509 
65.963175 
65.658573 
65.963175 
65.658573 
65.307114 
66.610699 
66.310803 
66.310803 
50.781844 
50.781214 
49.820618 
52.687849 
52.683353 
51.738717 
50.779278 
50.778623 
49.820618 
54.544794 
54.539853 
53.627676 
56.320908 
56.296797 
55.432661 
54.523851 
54.499633 
53.605343 
50.770831 
50.770104 
49.820618 
52.654586 
52.649417 
51.716221 
50.767878 
50.767128 
49.820618 
52.683878 
52.673327 
51.727768 
57.985800 
57.983216 
57.184036 
59.510983 
59.470127 
58.748071 
57.958097 
57.913550 
57.151290 
60.870361 
60.792254 
60.160338 
62.040676 
61.908679 
61.377272 
60.681898 
60.543206 
59.964029 
57.838828 
57.752392 
57.035428 
59.200414 
59.074467 
58.434593 
57.643510 
57.516610 
56.837764 
59.411352 
59.320127 
58.634002 
50.725607 
50.724628 
49.820618 
52.518624 
52.511709 
51.624587 
50.721650 
50.720653 
49.820618 
54.261076 
54.248470 
53.395140 
55.920307 
55.884635 
55.081066 
54.224796 
54.194261 
53.362100 
50.709125 
50.708078 
49.820618 
52.469150 
52.461767 
51.591307 
50.704899 
50.703836 
49.820618 
52.507221 
52.491611 
51.608168 
56.307853 
56.265097 
56.296059 
55.408806 
54.498925 
56.129929 
56.202988 
56.034211 
55.200936 
54.347512 
53.550926 
52.617547 
53.459983 
52.572588 
51.671428 
55.347693 
54.408275 
54.460149 
62.475636 
63.173141 
62.854968 
61.893711 
61.265856 
63.629851 
63.435835 
63.829931 
63.761704 
62.958683 
62.233605 
62.091121 
60.567708 
59.847775 
61.129252 
60.371629 
60.135875 
59.081781 
58.283852 
62.553123 
61.867589 
61.591220 
63.761704 
63.829931 
63.435835 
63.629851 
62.958683 
62.091121 
62.233605 
62.854968 
63.173141 
62.475636 
61.893711 
61.265856 
61.129252 
60.135875 
60.371629 
60.567708 
59.847775 
59.081781 
58.283852 
62.553123 
61.591220 
61.867589 
57.311467 
56.444588 
57.475284 
56.569660 
56.527833 
55.544360 
54.629559 
57.475284 
56.527833 
56.569660 
57.311467 
56.444588 
55.544360 
54.629559 
53.656845 
52.709586 
53.656845 
52.709586 
51.744424 
55.629316 
54.651378 
54.651378 
63.105871 
61.433235 
62.300905 
62.300905 
61.433235 
59.465698 
60.459955 
58.408460 
58.493269 
58.535642 
60.459955 
59.465698 
58.535642 
58.493269 
58.408460 
60.527232 
59.553903 
60.527232 
50.704899 
49.820618 
52.469150 
51.591307 
50.708078 
50.709125 
49.820618 
54.224796 
53.362100 
55.920307 
55.081066 
54.248470 
54.261076 
53.395140 
50.720653 
50.721650 
49.820618 
52.511709 
52.518624 
51.624587 
50.724628 
50.725607 
49.820618 
52.491611 
52.507221 
51.608168 
57.643510 
56.837764 
59.200414 
58.434593 
57.752392 
57.838828 
57.035428 
60.681898 
59.964029 
62.040676 
61.377272 
60.792254 
60.870361 
60.160338 
57.913550 
57.958097 
57.151290 
59.470127 
59.510983 
58.748071 
57.983216 
57.985800 
57.184036 
59.320127 
59.411352 
58.634002 
50.767128 
50.767878 
49.820618 
52.649417 
52.654586 
51.716221 
50.770104 
50.770831 
49.820618 
54.499633 
54.523851 
53.605343 
56.296797 
56.320908 
55.432661 
54.539853 
54.544794 
53.627676 
50.778623 
50.779278 
49.820618 
52.683353 
52.687849 
51.738717 
50.781214 
50.781844 
49.820618 
52.673327 
52.683878 
51.727768 
56.034211 
56.202988 
56.129929 
55.200936 
54.347512 
56.296059 
56.265097 
56.307853 
55.408806 
54.498925 
53.459983 
52.572588 
53.550926 
52.617547 
51.671428 
55.347693 
54.460149 
54.408275 
63.587280 
63.001902 
64.659535 
64.142404 
63.960777 
64.273816 
63.737592 
65.597117 
65.154128 
66.369448 
66.004099 
65.867227 
66.066984 
65.684947 
64.530930 
64.721269 
64.235159 
65.446888 
65.580315 
65.171873 
64.849822 
64.914961 
64.486089 
64.990394 
65.253904 
64.781219 
67.011036 
66.731407 
67.445823 
67.250230 
67.173999 
67.255664 
67.054396 
67.711316 
67.602514 
67.777124 
67.711316 
67.602514 
67.255664 
67.173999 
67.054396 
67.445823 
67.250230 
67.011036 
66.731407 
67.531362 
67.531362 
67.415058 
64.914961 
64.849822 
64.486089 
65.580315 
65.446888 
65.171873 
64.721269 
64.530930 
64.235159 
66.066984 
65.867227 
65.684947 
66.369448 
66.004099 
65.597117 
65.154128 
64.273816 
63.960777 
63.737592 
64.659535 
64.142404 
63.587280 
63.001902 
65.253904 
64.990394 
64.781219 
66.612454 
66.857703 
66.775819 
66.444991 
66.232509 
66.775819 
66.857703 
66.612454 
66.444991 
66.232509 
65.963175 
65.658573 
65.963175 
65.658573 
65.307114 
66.610699 
66.310803 
66.310803 
50.781844 
50.781214 
49.820618 
52.687849 
52.683353 
51.738717 
50.779278 
50.778623 
49.820618 
54.544794 
54.539853 
53.627676 
56.320908 
56.296797 
55.432661 
54.523851 
54.499633 
53.605343 
50.770831 
50.770104 
49.820618 
52.654586 
52.649417 
51.716221 
50.767878 
50.767128 
49.820618 
52.683878 
52.673327 
51.727768 
57.985800 
57.983216 
57.184036 
59.510983 
59.470127 
58.748071 
57.958097 
57.913550 
57.151290 
60.870361 
60.792254 
60.160338 
62.040676 
61.377272 
60.681898 
59.964029 
57.838828 
57.752392 
57.035428 
59.200414 
58.434593 
57.643510 
56.837764 
59.411352 
59.320127 
58.634002 
50.725607 
50.724628 
49.820618 
52.518624 
52.511709 
51.624587 
50.721650 
50.720653 
49.820618 
54.261076 
54.248470 
53.395140 
55.920307 
55.081066 
54.224796 
53.362100 
50.709125 
50.708078 
49.820618 
52.469150 
51.591307 
50.704899 
49.820618 
52.507221 
52.491611 
51.608168 
56.307853 
56.265097 
56.296059 
55.408806 
54.498925 
56.129929 
56.202988 
56.034211 
55.200936 
54.347512 
53.550926 
52.617547 
53.459983 
52.572588 
51.671428 
55.347693 
54.408275 
54.460149 
62.475636 
63.173141 
62.854968 
61.893711 
61.265856 
63.629851 
63.435835 
63.829931 
63.761704 
62.958683 
62.233605 
62.091121 
60.567708 
59.847775 
61.129252 
60.371629 
60.135875 
59.081781 
58.283852 
62.553123 
61.867589 
61.591220 
63.761704 
63.829931 
63.435835 
63.629851 
62.958683 
62.091121 
62.233605 
62.854968 
63.173141 
62.475636 
61.893711 
61.265856 
61.129252 
60.135875 
60.371629 
60.567708 
59.847775 
59.081781 
58.283852 
62.553123 
61.591220 
61.867589 
57.311467 
56.444588 
57.475284 
56.569660 
56.527833 
55.544360 
54.629559 
57.475284 
56.527833 
56.569660 
57.311467 
56.444588 
55.544360 
54.629559 
53.656845 
52.709586 
53.656845 
52.709586 
51.744424 
55.629316 
54.651378 
54.651378 
63.105871 
61.433235 
62.300905 
62.300905 
61.433235 
59.465698 
60.459955 
58.408460 
58.493269 
58.535642 
60.459955 
59.465698 
58.535642 
58.493269 
58.408460 
60.527232 
59.553903 
60.527232 
48.936337 
48.937400 
48.932111 
48.933158 
48.049929 
47.172086 
47.179470 
48.919586 
48.920583 
48.915629 
48.916608 
48.016649 
47.122612 
47.129528 
46.279136 
45.416440 
45.446975 
46.246096 
45.380160 
45.392766 
44.560170 
43.720929 
43.756601 
48.033068 
47.134015 
47.149625 
48.873358 
48.874108 
48.870405 
48.871132 
47.925015 
46.986650 
46.991819 
48.861958 
48.862613 
48.859392 
48.860022 
47.902519 
46.953388 
46.957883 
46.035893 
45.117385 
45.141603 
46.013561 
45.096442 
45.101383 
44.208576 
43.320328 
43.344439 
47.913468 
46.957358 
46.967909 
42.803473 
41.997726 
42.124626 
42.605808 
41.802408 
41.888844 
41.206644 
40.440822 
40.566769 
42.489946 
41.683139 
41.727687 
42.457200 
41.655437 
41.658020 
40.893165 
40.130253 
40.171109 
39.677207 
38.959338 
39.098031 
39.480898 
38.770875 
38.848982 
38.263964 
37.600560 
37.732557 
41.007234 
40.229884 
40.321109 
47.969808 
46.090310 
47.023689 
47.068648 
46.181253 
44.232431 
45.142311 
43.333383 
43.345177 
43.376139 
45.293724 
44.440300 
43.438248 
43.511307 
43.607025 
45.181088 
44.293544 
45.232961 
48.860022 
48.859392 
48.862613 
48.861958 
47.902519 
46.957883 
46.953388 
48.871132 
48.870405 
48.874108 
48.873358 
47.925015 
46.991819 
46.986650 
46.013561 
45.101383 
45.096442 
46.035893 
45.141603 
45.117385 
44.208576 
43.344439 
43.320328 
47.913468 
46.967909 
46.957358 
48.916608 
48.915629 
48.920583 
48.919586 
48.016649 
47.129528 
47.122612 
48.933158 
48.932111 
48.937400 
48.936337 
48.049929 
47.179470 
47.172086 
46.246096 
45.392766 
45.380160 
46.279136 
45.446975 
45.416440 
44.560170 
43.756601 
43.720929 
48.033068 
47.149625 
47.134015 
42.457200 
41.658020 
41.655437 
42.489946 
41.727687 
41.683139 
40.893165 
40.171109 
40.130253 
42.605808 
41.888844 
41.802408 
42.803473 
42.124626 
41.997726 
41.206644 
40.566769 
40.440822 
39.480898 
38.848982 
38.770875 
39.677207 
39.098031 
38.959338 
38.263964 
37.732557 
37.600560 
41.007234 
40.321109 
40.229884 
47.969808 
46.181253 
47.068648 
47.023689 
46.090310 
44.440300 
45.293724 
43.607025 
43.511307 
43.438248 
45.142311 
44.232431 
43.376139 
43.345177 
43.333383 
45.232961 
44.293544 
45.181088 
36.639335 
36.053956 
36.483498 
35.903644 
35.367420 
35.680459 
35.498832 
34.981702 
35.362882 
35.406077 
34.919967 
35.110306 
35.155147 
34.726275 
34.791414 
34.469363 
34.060921 
34.194348 
34.487108 
34.044119 
34.381503 
33.956289 
33.574252 
33.774010 
33.637137 
33.271788 
33.548811 
34.860018 
34.387332 
34.650842 
35.155147 
34.791414 
34.726275 
35.406077 
35.110306 
34.919967 
34.469363 
34.194348 
34.060921 
35.903644 
35.680459 
35.367420 
36.639335 
36.483498 
36.053956 
35.498832 
35.362882 
34.981702 
33.956289 
33.774010 
33.574252 
34.487108 
34.381503 
34.044119 
33.637137 
33.548811 
33.271788 
34.860018 
34.650842 
34.387332 
32.909829 
32.630201 
32.872825 
32.586840 
32.385572 
32.467237 
32.391006 
32.195413 
32.360056 
32.586840 
32.467237 
32.385572 
32.909829 
32.872825 
32.630201 
32.391006 
32.360056 
32.195413 
32.038722 
31.929920 
32.015441 
32.038722 
32.015441 
31.929920 
31.864112 
31.842300 
31.842300 
32.226178 
32.109874 
32.109874 
34.334122 
33.678061 
33.982663 
33.982663 
33.678061 
33.196245 
33.408727 
33.028782 
32.865417 
32.783534 
33.408727 
33.196245 
32.783534 
32.865417 
33.028782 
33.330433 
33.030537 
33.330433 
47.896812 
45.984391 
46.931650 
46.931650 
45.984391 
44.096876 
45.011677 
42.329769 
43.196648 
43.113404 
42.165952 
43.071576 
45.011677 
44.096876 
43.071576 
42.165952 
43.113404 
43.196648 
42.329769 
44.989858 
44.011920 
44.989858 
40.559455 
41.357384 
39.073528 
39.793461 
39.505361 
38.511984 
39.269607 
37.747525 
38.375380 
37.165600 
36.786268 
36.468095 
37.550116 
36.682553 
37.407631 
36.205401 
36.011385 
35.879532 
35.811305 
38.050016 
37.088113 
37.773647 
41.357384 
40.559455 
39.269607 
38.511984 
39.505361 
39.793461 
39.073528 
37.407631 
36.682553 
37.550116 
35.811305 
35.879532 
36.011385 
36.205401 
38.375380 
37.747525 
36.468095 
36.786268 
37.165600 
37.773647 
37.088113 
38.050016 
41.232776 
39.181281 
40.175538 
41.147968 
41.105594 
37.340331 
38.208001 
36.535365 
37.340331 
38.208001 
41.105594 
41.147968 
39.181281 
40.175538 
41.232776 
39.114004 
39.114004 
40.087333 
48.936337 
48.932111 
48.933158 
48.049929 
47.172086 
48.919586 
48.920583 
48.915629 
48.916608 
48.016649 
47.122612 
47.129528 
46.279136 
45.416440 
46.246096 
45.380160 
45.392766 
44.560170 
43.720929 
48.033068 
47.134015 
47.149625 
48.873358 
48.874108 
48.870405 
48.871132 
47.925015 
46.986650 
46.991819 
48.861958 
48.862613 
48.859392 
48.860022 
47.902519 
46.953388 
46.957883 
46.035893 
45.117385 
45.141603 
46.013561 
45.096442 
45.101383 
44.208576 
43.320328 
43.344439 
47.913468 
46.957358 
46.967909 
42.803473 
41.997726 
42.605808 
41.802408 
41.888844 
41.206644 
40.440822 
42.489946 
41.683139 
41.727687 
42.457200 
41.655437 
41.658020 
40.893165 
40.130253 
40.171109 
39.677207 
38.959338 
39.480898 
38.770875 
38.848982 
38.263964 
37.600560 
41.007234 
40.229884 
40.321109 
47.969808 
46.090310 
47.023689 
47.068648 
46.181253 
44.232431 
45.142311 
43.333383 
43.345177 
43.376139 
45.293724 
44.440300 
43.438248 
43.511307 
43.607025 
45.181088 
44.293544 
45.232961 
48.860022 
48.859392 
48.862613 
48.861958 
47.902519 
46.957883 
46.953388 
48.871132 
48.870405 
48.874108 
48.873358 
47.925015 
46.991819 
46.986650 
46.013561 
45.101383 
45.096442 
46.035893 
45.141603 
45.117385 
44.208576 
43.344439 
43.320328 
47.913468 
46.967909 
46.957358 
48.916608 
48.915629 
48.920583 
48.919586 
48.016649 
47.129528 
47.122612 
48.933158 
48.932111 
48.937400 
48.936337 
48.049929 
47.179470 
47.172086 
46.246096 
45.392766 
45.380160 
46.279136 
45.446975 
45.416440 
44.560170 
43.756601 
43.720929 
48.033068 
47.149625 
47.134015 
42.457200 
41.658020 
41.655437 
42.489946 
41.727687 
41.683139 
40.893165 
40.171109 
40.130253 
42.605808 
41.888844 
41.802408 
42.803473 
42.124626 
41.997726 
41.206644 
40.566769 
40.440822 
39.480898 
38.848982 
38.770875 
39.677207 
39.098031 
38.959338 
38.263964 
37.732557 
37.600560 
41.007234 
40.321109 
40.229884 
47.969808 
46.181253 
47.068648 
47.023689 
46.090310 
44.440300 
45.293724 
43.607025 
43.511307 
43.438248 
45.142311 
44.232431 
43.376139 
43.345177 
43.333383 
45.232961 
44.293544 
45.181088 
36.639335 
36.053956 
35.903644 
35.367420 
35.680459 
35.498832 
34.981702 
35.406077 
34.919967 
35.110306 
35.155147 
34.726275 
34.791414 
34.469363 
34.060921 
34.194348 
34.487108 
34.044119 
33.956289 
33.574252 
33.774010 
33.637137 
33.271788 
34.860018 
34.387332 
34.650842 
35.155147 
34.791414 
34.726275 
35.406077 
35.110306 
34.919967 
34.469363 
34.194348 
34.060921 
35.903644 
35.680459 
35.367420 
36.639335 
36.483498 
36.053956 
35.498832 
35.362882 
34.981702 
33.956289 
33.774010 
33.574252 
34.487108 
34.381503 
34.044119 
33.637137 
33.548811 
33.271788 
34.860018 
34.650842 
34.387332 
32.909829 
32.630201 
32.586840 
32.385572 
32.467237 
32.391006 
32.195413 
32.586840 
32.467237 
32.385572 
32.909829 
32.872825 
32.630201 
32.391006 
32.360056 
32.195413 
32.038722 
31.929920 
32.038722 
32.015441 
31.929920 
31.864112 
31.842300 
32.226178 
32.109874 
32.109874 
34.334122 
33.678061 
33.982663 
33.982663 
33.678061 
33.196245 
33.408727 
33.028782 
32.865417 
32.783534 
33.408727 
33.196245 
32.783534 
32.865417 
33.028782 
33.330433 
33.030537 
33.330433 
47.896812 
45.984391 
46.931650 
46.931650 
45.984391 
44.096876 
45.011677 
42.329769 
43.196648 
43.113404 
42.165952 
43.071576 
45.011677 
44.096876 
43.071576 
42.165952 
43.113404 
43.196648 
42.329769 
44.989858 
44.011920 
44.989858 
40.559455 
41.357384 
39.073528 
39.793461 
39.505361 
38.511984 
39.269607 
37.747525 
38.375380 
37.165600 
36.786268 
36.468095 
37.550116 
36.682553 
37.407631 
36.205401 
36.011385 
35.879532 
35.811305 
38.050016 
37.088113 
37.773647 
41.357384 
40.559455 
39.269607 
38.511984 
39.505361 
39.793461 
39.073528 
37.407631 
36.682553 
37.550116 
35.811305 
35.879532 
36.011385 
36.205401 
38.375380 
37.747525 
36.468095 
36.786268 
37.165600 
37.773647 
37.088113 
38.050016 
41.232776 
39.181281 
40.175538 
41.147968 
41.105594 
37.340331 
38.208001 
36.535365 
37.340331 
38.208001 
41.105594 
41.147968 
39.181281 
40.175538 
41.232776 
39.114004 
39.114004 
40.087333 
48.936337 
48.932111 
48.933158 
48.049929 
47.172086 
48.919586 
48.920583 
48.915629 
48.916608 
48.016649 
47.122612 
47.129528 
46.279136 
45.416440 
46.246096 
45.380160 
45.392766 
44.560170 
43.720929 
48.033068 
47.134015 
47.149625 
48.873358 
48.874108 
48.870405 
48.871132 
47.925015 
46.986650 
46.991819 
48.861958 
48.862613 
48.859392 
48.860022 
47.902519 
46.953388 
46.957883 
46.035893 
45.117385 
45.141603 
46.013561 
45.096442 
45.101383 
44.208576 
43.320328 
43.344439 
47.913468 
46.957358 
46.967909 
42.803473 
41.997726 
42.605808 
41.802408 
41.888844 
41.206644 
40.440822 
42.489946 
41.683139 
41.727687 
42.457200 
41.655437 
41.658020 
40.893165 
40.130253 
40.171109 
39.677207 
38.959338 
39.480898 
38.770875 
38.848982 
38.263964 
37.600560 
41.007234 
40.229884 
40.321109 
47.969808 
46.090310 
47.023689 
47.068648 
46.181253 
44.232431 
45.142311 
43.333383 
43.345177 
43.376139 
45.293724 
44.440300 
43.438248 
43.511307 
43.607025 
45.181088 
44.293544 
45.232961 
48.860022 
48.859392 
48.862613 
48.861958 
47.902519 
46.957883 
46.953388 
48.871132 
48.870405 
48.874108 
48.873358 
47.925015 
46.991819 
46.986650 
46.013561 
45.101383 
45.096442 
46.035893 
45.141603 
45.117385 
44.208576 
43.344439 
43.320328 
47.913468 
46.967909 
46.957358 
48.916608 
48.915629 
48.920583 
48.919586 
48.016649 
47.129528 
47.122612 
48.933158 
48.932111 
48.937400 
48.936337 
48.049929 
47.179470 
47.172086 
46.246096 
45.392766 
45.380160 
46.279136 
45.446975 
45.416440 
44.560170 
43.756601 
43.720929 
48.033068 
47.149625 
47.134015 
42.457200 
41.658020 
41.655437 
42.489946 
41.727687 
41.683139 
40.893165 
40.171109 
40.130253 
42.605808 
41.888844 
41.802408 
42.803473 
42.124626 
41.997726 
41.206644 
40.566769 
40.440822 
39.480898 
38.848982 
38.770875 
39.677207 
39.098031 
38.959338 
38.263964 
37.732557 
37.600560 
41.007234 
40.321109 
40.229884 
47.969808 
46.181253 
47.068648 
47.023689 
46.090310 
44.440300 
45.293724 
43.607025 
43.511307 
43.438248 
45.142311 
44.232431 
43.376139 
43.345177 
43.333383 
45.232961 
44.293544 
45.181088 
36.639335 
36.053956 
35.903644 
35.367420 
35.680459 
35.498832 
34.981702 
35.406077 
34.919967 
35.110306 
35.155147 
34.726275 
34.791414 
34.469363 
34.060921 
34.194348 
34.487108 
34.044119 
33.956289 
33.574252 
33.774010 
33.637137 
33.271788 
34.860018 
34.387332 
34.650842 
35.155147 
34.791414 
34.726275 
35.406077 
35.110306 
34.919967 
34.469363 
34.194348 
34.060921 
35.903644 
35.680459 
35.367420 
36.639335 
36.483498 
36.053956 
35.498832 
35.362882 
34.981702 
33.956289 
33.774010 
33.574252 
34.487108 
34.381503 
34.044119 
33.637137 
33.548811 
33.271788 
34.860018 
34.650842 
34.387332 
32.909829 
32.630201 
32.586840 
32.385572 
32.467237 
32.391006 
32.195413 
32.586840 
32.467237 
32.385572 
32.909829 
32.872825 
32.630201 
32.391006 
32.360056 
32.195413 
32.038722 
31.929920 
32.038722 
32.015441 
31.929920 
31.864112 
31.842300 
32.226178 
32.109874 
32.109874 
34.334122 
33.678061 
33.982663 
33.982663 
33.678061 
33.196245 
33.408727 
33.028782 
32.865417 
32.783534 
33.408727 
33.196245 
32.783534 
32.865417 
33.028782 
33.330433 
33.030537 
33.330433 
47.896812 
45.984391 
46.931650 
46.931650 
45.984391 
44.096876 
45.011677 
42.329769 
43.196648 
43.113404 
42.165952 
43.071576 
45.011677 
44.096876 
43.071576 
42.165952 
43.113404 
43.196648 
42.329769 
44.989858 
44.011920 
44.989858 
40.559455 
41.357384 
39.073528 
39.793461 
39.505361 
38.511984 
39.269607 
37.747525 
38.375380 
37.165600 
36.786268 
36.468095 
37.550116 
36.682553 
37.407631 
36.205401 
36.011385 
35.879532 
35.811305 
38.050016 
37.088113 
37.773647 
41.357384 
40.559455 
39.269607 
38.511984 
39.505361 
39.793461 
39.073528 
37.407631 
36.682553 
37.550116 
35.811305 
35.879532 
36.011385 
36.205401 
38.375380 
37.747525 
36.468095 
36.786268 
37.165600 
37.773647 
37.088113 
38.050016 
41.232776 
39.181281 
40.175538 
41.147968 
41.105594 
37.340331 
38.208001 
36.535365 
37.340331 
38.208001 
41.105594 
41.147968 
39.181281 
40.175538 
41.232776 
39.114004 
39.114004 
40.087333 
48.936337 
48.932111 
48.933158 
48.049929 
47.172086 
48.919586 
48.920583 
48.915629 
48.916608 
48.016649 
47.122612 
47.129528 
46.279136 
45.416440 
46.246096 
45.380160 
45.392766 
44.560170 
43.720929 
48.033068 
47.134015 
47.149625 
48.873358 
48.874108 
48.870405 
48.871132 
47.925015 
46.986650 
46.991819 
48.861958 
48.862613 
48.859392 
48.860022 
47.902519 
46.953388 
46.957883 
46.035893 
45.117385 
45.141603 
46.013561 
45.096442 
45.101383 
44.208576 
43.320328 
43.344439 
47.913468 
46.957358 
46.967909 
42.803473 
41.997726 
42.605808 
41.802408 
41.888844 
41.206644 
40.440822 
42.489946 
41.683139 
41.727687 
42.457200 
41.655437 
41.658020 
40.893165 
40.130253 
40.171109 
39.677207 
38.959338 
39.480898 
38.770875 
38.848982 
38.263964 
37.600560 
41.007234 
40.229884 
40.321109 
47.969808 
46.090310 
47.023689 
47.068648 
46.181253 
44.232431 
45.142311 
43.333383 
43.345177 
43.376139 
45.293724 
44.440300 
43.438248 
43.511307 
43.607025 
45.181088 
44.293544 
45.232961 
48.860022 
48.859392 
48.862613 
48.861958 
47.902519 
46.957883 
46.953388 
48.871132 
48.870405 
48.874108 
48.873358 
47.925015 
46.991819 
46.986650 
46.013561 
45.101383 
45.096442 
46.035893 
45.141603 
45.117385 
44.208576 
43.344439 
43.320328 
47.913468 
46.967909 
46.957358 
48.916608 
48.915629 
48.920583 
48.919586 
48.016649 
47.129528 
47.122612 
48.933158 
48.932111 
48.936337 
48.049929 
47.172086 
46.246096 
45.392766 
45.380160 
46.279136 
45.416440 
44.560170 
43.720929 
48.033068 
47.149625 
47.134015 
42.457200 
41.658020 
41.655437 
42.489946 
41.727687 
41.683139 
40.893165 
40.171109 
40.130253 
42.605808 
41.888844 
41.802408 
42.803473 
41.997726 
41.206644 
40.440822 
39.480898 
38.848982 
38.770875 
39.677207 
38.959338 
38.263964 
37.600560 
41.007234 
40.321109 
40.229884 
47.969808 
46.181253 
47.068648 
47.023689 
46.090310 
44.440300 
45.293724 
43.607025 
43.511307 
43.438248 
45.142311 
44.232431 
43.376139 
43.345177 
43.333383 
45.232961 
44.293544 
45.181088 
36.639335 
36.053956 
35.903644 
35.367420 
35.680459 
35.498832 
34.981702 
35.406077 
34.919967 
35.110306 
35.155147 
34.726275 
34.791414 
34.469363 
34.060921 
34.194348 
34.487108 
34.044119 
33.956289 
33.574252 
33.774010 
33.637137 
33.271788 
34.860018 
34.387332 
34.650842 
35.155147 
34.791414 
34.726275 
35.406077 
35.110306 
34.919967 
34.469363 
34.194348 
34.060921 
35.903644 
35.680459 
35.367420 
36.639335 
36.053956 
35.498832 
34.981702 
33.956289 
33.774010 
33.574252 
34.487108 
34.044119 
33.637137 
33.271788 
34.860018 
34.650842 
34.387332 
32.909829 
32.630201 
32.586840 
32.385572 
32.467237 
32.391006 
32.195413 
32.586840 
32.467237 
32.385572 
32.909829 
32.630201 
32.391006 
32.195413 
32.038722 
31.929920 
32.038722 
31.929920 
31.864112 
32.226178 
32.109874 
32.109874 
34.334122 
33.678061 
33.982663 
33.982663 
33.678061 
33.196245 
33.408727 
33.028782 
32.865417 
32.783534 
33.408727 
33.196245 
32.783534 
32.865417 
33.028782 
33.330433 
33.030537 
33.330433 
47.896812 
45.984391 
46.931650 
46.931650 
45.984391 
44.096876 
45.011677 
42.329769 
43.196648 
43.113404 
42.165952 
43.071576 
45.011677 
44.096876 
43.071576 
42.165952 
43.113404 
43.196648 
42.329769 
44.989858 
44.011920 
44.989858 
40.559455 
41.357384 
39.073528 
39.793461 
39.505361 
38.511984 
39.269607 
37.747525 
38.375380 
37.165600 
36.786268 
36.468095 
37.550116 
36.682553 
37.407631 
36.205401 
36.011385 
35.879532 
35.811305 
38.050016 
37.088113 
37.773647 
41.357384 
40.559455 
39.269607 
38.511984 
39.505361 
39.793461 
39.073528 
37.407631 
36.682553 
37.550116 
35.811305 
35.879532 
36.011385 
36.205401 
38.375380 
37.747525 
36.468095 
36.786268 
37.165600 
37.773647 
37.088113 
38.050016 
41.232776 
39.181281 
40.175538 
41.147968 
41.105594 
37.340331 
38.208001 
36.535365 
37.340331 
38.208001 
41.105594 
41.147968 
39.181281 
40.175538 
41.232776 
39.114004 
39.114004 
40.087333 
