65.949541 
29.949541 
47.949541 
47.949541 
47.949541 
47.949541 
60.677463 
47.949541 
60.677463 
35.221619 
35.221619 
47.949541 
35.221619 
60.677463 
47.949541 
60.677463 
35.221619 
47.949541 
64.579373 
62.646480 
64.579373 
54.837843 
47.949541 
55.298011 
55.298011 
47.949541 
54.837843 
40.601072 
41.061240 
41.061240 
40.601072 
33.252603 
31.319710 
31.319710 
33.252603 
31.319710 
47.949541 
40.601072 
40.601072 
47.949541 
41.061240 
55.298011 
54.837843 
55.298011 
62.646480 
64.579373 
62.646480 
64.579373 
47.949541 
55.298011 
55.298011 
47.949541 
54.837843 
40.601072 
31.319710 
33.252603 
40.601072 
41.061240 
33.252603 
47.949541 
40.601072 
40.601072 
47.949541 
55.298011 
62.646480 
55.298011 
65.603676 
65.223835 
65.603676 
62.915994 
62.145694 
63.975302 
63.975302 
62.145694 
62.915994 
57.949805 
55.232612 
58.341846 
51.461167 
47.949541 
51.527165 
51.708780 
47.949541 
51.753389 
58.341846 
55.232612 
57.949805 
51.753389 
47.949541 
51.708780 
51.527165 
47.949541 
51.461167 
59.462380 
55.624767 
59.462380 
44.371918 
44.437915 
44.145694 
44.190303 
40.666470 
37.557236 
37.949277 
44.190303 
44.145694 
44.437915 
44.371918 
40.666470 
37.949277 
37.557236 
33.753389 
31.923781 
32.983088 
33.753389 
32.983088 
31.923781 
30.675248 
30.295406 
30.295406 
40.274315 
36.436703 
36.436703 
30.675248 
30.295406 
33.753389 
31.923781 
31.923781 
33.753389 
32.983088 
40.666470 
37.557236 
47.949541 
44.371918 
44.190303 
47.949541 
44.145694 
37.557236 
40.666470 
37.949277 
44.145694 
47.949541 
44.190303 
44.371918 
47.949541 
44.437915 
36.436703 
40.274315 
36.436703 
51.527165 
51.461167 
51.753389 
51.708780 
55.232612 
58.341846 
57.949805 
51.708780 
51.753389 
51.527165 
55.232612 
58.341846 
62.145694 
63.975302 
62.915994 
62.145694 
63.975302 
65.223835 
65.603676 
55.624767 
59.462380 
59.462380 
65.223835 
65.603676 
62.145694 
63.975302 
63.975302 
62.145694 
62.915994 
55.232612 
58.341846 
47.949541 
51.527165 
51.708780 
47.949541 
51.753389 
58.341846 
55.232612 
57.949805 
51.753389 
47.949541 
51.708780 
51.527165 
47.949541 
51.461167 
59.462380 
55.624767 
59.462380 
44.371918 
37.557236 
40.666470 
44.190303 
44.145694 
31.923781 
33.753389 
30.295406 
30.675248 
31.923781 
32.983088 
33.753389 
44.145694 
44.190303 
37.557236 
37.949277 
40.666470 
44.371918 
44.437915 
36.436703 
36.436703 
40.274315 
30.675248 
33.753389 
31.923781 
31.923781 
33.753389 
40.666470 
37.557236 
47.949541 
44.371918 
44.190303 
47.949541 
44.145694 
37.557236 
40.666470 
44.145694 
47.949541 
44.190303 
44.371918 
47.949541 
36.436703 
40.274315 
36.436703 
51.527165 
58.341846 
55.232612 
51.708780 
51.753389 
63.975302 
62.145694 
65.223835 
63.975302 
62.145694 
51.753389 
51.708780 
58.341846 
55.232612 
51.527165 
59.462380 
59.462380 
55.624767 
65.862866 
65.774093 
65.862866 
65.174467 
65.061961 
65.501655 
65.501655 
65.061961 
65.174467 
63.824124 
63.582782 
64.370429 
61.863729 
61.527742 
62.617205 
63.136960 
62.520745 
63.398472 
64.370429 
63.582782 
63.824124 
63.398472 
62.520745 
63.136960 
62.617205 
61.527742 
61.863729 
64.698874 
64.131092 
64.698874 
59.368620 
58.206215 
59.609407 
56.434683 
55.075626 
56.667684 
56.831948 
55.307021 
56.896471 
53.174665 
51.512006 
53.232005 
49.713850 
47.949541 
49.722303 
49.747356 
47.949541 
49.755274 
53.535060 
51.750219 
53.573816 
49.839877 
47.949541 
49.845794 
49.862730 
47.949541 
49.867877 
53.412276 
51.639852 
53.524369 
59.609407 
58.206215 
59.368620 
56.896471 
55.307021 
56.831948 
56.667684 
55.075626 
56.434683 
53.573816 
51.750219 
53.535060 
49.867877 
47.949541 
49.862730 
49.845794 
47.949541 
49.839877 
53.232005 
51.512006 
53.174665 
49.755274 
47.949541 
49.747356 
49.722303 
47.949541 
49.713850 
53.524369 
51.639852 
53.412276 
60.383372 
57.482199 
59.002538 
60.921901 
61.196175 
53.741704 
55.542639 
51.796582 
53.741704 
55.542639 
61.196175 
60.921901 
57.482199 
59.002538 
60.383372 
57.654491 
57.654491 
59.595481 
46.176779 
46.185233 
46.143808 
46.151726 
44.387076 
42.667078 
42.724417 
46.053288 
46.059205 
46.031206 
46.036353 
44.148863 
42.325266 
42.364022 
40.823457 
39.231399 
39.464400 
40.592061 
39.002612 
39.067134 
37.692867 
36.289676 
36.530462 
44.259231 
42.374714 
42.486806 
46.036353 
46.031206 
46.059205 
46.053288 
44.148863 
42.364022 
42.325266 
46.151726 
46.143808 
46.185233 
46.176779 
44.387076 
42.724417 
42.667078 
40.592061 
39.067134 
39.002612 
40.823457 
39.464400 
39.231399 
37.692867 
36.530462 
36.289676 
44.259231 
42.486806 
42.374714 
34.371341 
33.281878 
34.035353 
33.378337 
32.500610 
32.762122 
32.316301 
31.528654 
32.074959 
33.378337 
32.762122 
32.500610 
34.371341 
34.035353 
33.281878 
32.316301 
32.074959 
31.528654 
30.837122 
30.397427 
30.724615 
30.837122 
30.724615 
30.397427 
30.124990 
30.036216 
30.036216 
31.767990 
31.200209 
31.200209 
44.102501 
40.356444 
42.157378 
42.157378 
40.356444 
36.896544 
38.416883 
35.515711 
34.977182 
34.702907 
38.416883 
36.896544 
34.702907 
34.977182 
35.515711 
38.244592 
36.303602 
38.244592 
30.124990 
30.036216 
30.837122 
30.397427 
30.397427 
30.837122 
30.724615 
32.316301 
31.528654 
34.371341 
33.281878 
32.762122 
33.378337 
32.500610 
31.528654 
32.316301 
32.074959 
32.500610 
33.378337 
32.762122 
33.281878 
34.371341 
34.035353 
31.200209 
31.767990 
31.200209 
37.692867 
36.289676 
40.823457 
39.231399 
39.067134 
40.592061 
39.002612 
44.387076 
42.667078 
47.949541 
46.176779 
46.151726 
47.949541 
46.143808 
42.364022 
44.148863 
42.325266 
46.059205 
47.949541 
46.053288 
46.036353 
47.949541 
46.031206 
42.486806 
44.259231 
42.374714 
36.289676 
37.692867 
36.530462 
39.002612 
40.592061 
39.067134 
39.231399 
40.823457 
39.464400 
42.325266 
44.148863 
42.364022 
46.031206 
47.949541 
46.036353 
46.053288 
47.949541 
46.059205 
42.667078 
44.387076 
42.724417 
46.143808 
47.949541 
46.151726 
46.176779 
47.949541 
46.185233 
42.374714 
44.259231 
42.486806 
35.515711 
38.416883 
36.896544 
34.977182 
34.702907 
42.157378 
40.356444 
44.102501 
42.157378 
40.356444 
34.702907 
34.977182 
38.416883 
36.896544 
35.515711 
38.244592 
38.244592 
36.303602 
49.722303 
49.713850 
49.755274 
49.747356 
51.512006 
53.232005 
53.174665 
49.845794 
49.839877 
49.867877 
49.862730 
51.750219 
53.573816 
53.535060 
55.075626 
56.667684 
56.434683 
55.307021 
56.896471 
56.831948 
58.206215 
59.609407 
59.368620 
51.639852 
53.524369 
53.412276 
49.862730 
49.867877 
49.839877 
49.845794 
51.750219 
53.535060 
53.573816 
49.747356 
49.755274 
49.722303 
51.512006 
53.232005 
55.307021 
56.831948 
56.896471 
55.075626 
56.667684 
58.206215 
59.609407 
51.639852 
53.412276 
53.524369 
61.527742 
62.617205 
61.863729 
62.520745 
63.398472 
63.136960 
63.582782 
64.370429 
63.824124 
62.520745 
63.136960 
63.398472 
61.527742 
62.617205 
63.582782 
64.370429 
65.061961 
65.501655 
65.174467 
65.061961 
65.501655 
65.774093 
65.862866 
64.131092 
64.698874 
64.698874 
51.796582 
55.542639 
53.741704 
53.741704 
55.542639 
59.002538 
57.482199 
60.383372 
60.921901 
61.196175 
57.482199 
59.002538 
61.196175 
60.921901 
60.383372 
57.654491 
59.595481 
57.654491 
65.774093 
65.862866 
65.061961 
65.501655 
65.501655 
65.061961 
65.174467 
63.582782 
64.370429 
61.527742 
62.617205 
63.136960 
62.520745 
63.398472 
64.370429 
63.582782 
63.824124 
63.398472 
62.520745 
63.136960 
62.617205 
61.527742 
61.863729 
64.698874 
64.131092 
64.698874 
58.206215 
59.609407 
55.075626 
56.667684 
56.831948 
55.307021 
56.896471 
51.512006 
53.232005 
47.949541 
49.722303 
49.747356 
47.949541 
49.755274 
53.535060 
51.750219 
53.573816 
49.839877 
47.949541 
49.845794 
49.862730 
47.949541 
49.867877 
53.412276 
51.639852 
53.524369 
59.609407 
58.206215 
59.368620 
56.896471 
55.307021 
56.831948 
56.667684 
55.075626 
56.434683 
53.573816 
51.750219 
53.535060 
49.867877 
47.949541 
49.862730 
49.845794 
47.949541 
49.839877 
53.232005 
51.512006 
53.174665 
49.755274 
47.949541 
49.747356 
49.722303 
47.949541 
49.713850 
53.524369 
51.639852 
53.412276 
60.383372 
57.482199 
59.002538 
60.921901 
61.196175 
53.741704 
55.542639 
51.796582 
53.741704 
55.542639 
61.196175 
60.921901 
57.482199 
59.002538 
60.383372 
57.654491 
57.654491 
59.595481 
46.176779 
42.667078 
44.387076 
46.151726 
46.143808 
39.231399 
40.823457 
36.289676 
37.692867 
39.067134 
39.002612 
40.592061 
46.059205 
46.053288 
42.364022 
42.325266 
44.148863 
46.036353 
46.031206 
42.486806 
42.374714 
44.259231 
33.281878 
34.371341 
31.528654 
32.316301 
32.762122 
32.500610 
33.378337 
30.397427 
30.837122 
30.036216 
30.124990 
30.397427 
30.724615 
30.837122 
32.500610 
32.762122 
33.378337 
31.528654 
32.074959 
32.316301 
33.281878 
34.035353 
34.371341 
31.200209 
31.200209 
31.767990 
46.031206 
46.036353 
42.325266 
42.364022 
44.148863 
46.053288 
46.059205 
39.002612 
39.067134 
40.592061 
36.289676 
36.530462 
37.692867 
39.231399 
39.464400 
40.823457 
46.143808 
46.151726 
42.667078 
42.724417 
44.387076 
46.176779 
46.185233 
42.374714 
42.486806 
44.259231 
35.515711 
34.702907 
34.977182 
36.896544 
38.416883 
34.977182 
34.702907 
35.515711 
36.896544 
38.416883 
40.356444 
42.157378 
40.356444 
42.157378 
44.102501 
36.303602 
38.244592 
38.244592 
30.124990 
30.837122 
30.397427 
30.397427 
30.837122 
32.316301 
31.528654 
34.371341 
33.281878 
32.762122 
33.378337 
32.500610 
31.528654 
32.316301 
32.500610 
33.378337 
32.762122 
33.281878 
34.371341 
31.200209 
31.767990 
31.200209 
37.692867 
36.289676 
40.823457 
39.231399 
39.067134 
40.592061 
39.002612 
44.387076 
42.667078 
47.949541 
46.176779 
46.151726 
47.949541 
46.143808 
42.364022 
44.148863 
42.325266 
46.059205 
47.949541 
46.053288 
46.036353 
47.949541 
46.031206 
42.486806 
44.259231 
42.374714 
36.289676 
37.692867 
39.002612 
40.592061 
39.067134 
39.231399 
40.823457 
42.325266 
44.148863 
42.364022 
46.031206 
47.949541 
46.036353 
46.053288 
47.949541 
46.059205 
42.667078 
44.387076 
46.143808 
47.949541 
46.151726 
46.176779 
47.949541 
42.374714 
44.259231 
42.486806 
35.515711 
38.416883 
36.896544 
34.977182 
34.702907 
42.157378 
40.356444 
44.102501 
42.157378 
40.356444 
34.702907 
34.977182 
38.416883 
36.896544 
35.515711 
38.244592 
38.244592 
36.303602 
49.722303 
53.232005 
51.512006 
49.747356 
49.755274 
56.667684 
55.075626 
59.609407 
58.206215 
56.831948 
56.896471 
55.307021 
49.839877 
49.845794 
53.535060 
53.573816 
51.750219 
49.862730 
49.867877 
53.412276 
53.524369 
51.639852 
62.617205 
61.527742 
64.370429 
63.582782 
63.136960 
63.398472 
62.520745 
65.501655 
65.061961 
65.774093 
65.501655 
65.061961 
63.398472 
63.136960 
62.520745 
64.370429 
63.582782 
62.617205 
61.527742 
64.698874 
64.698874 
64.131092 
49.867877 
49.862730 
53.573816 
53.535060 
51.750219 
49.845794 
49.839877 
56.896471 
56.831948 
55.307021 
59.609407 
58.206215 
56.667684 
55.075626 
49.755274 
49.747356 
53.232005 
51.512006 
49.722303 
53.524369 
53.412276 
51.639852 
60.383372 
61.196175 
60.921901 
59.002538 
57.482199 
60.921901 
61.196175 
60.383372 
59.002538 
57.482199 
55.542639 
53.741704 
55.542639 
53.741704 
51.796582 
59.595481 
57.654491 
57.654491 
65.927859 
65.906047 
65.927859 
65.754718 
65.731438 
65.840239 
65.840239 
65.731438 
65.754718 
65.410104 
65.379153 
65.574746 
64.897334 
64.860330 
65.139959 
65.302922 
65.183319 
65.384587 
65.574746 
65.379153 
65.410104 
65.384587 
65.183319 
65.302922 
65.139959 
64.860330 
64.897334 
65.660285 
65.543982 
65.660285 
64.221349 
64.133022 
64.498372 
63.388656 
63.283051 
63.726040 
63.996150 
63.813870 
64.195907 
62.407277 
62.271327 
62.788458 
61.286662 
61.130825 
61.716204 
62.089700 
61.866515 
62.402739 
63.575811 
63.300796 
63.709239 
62.659854 
62.364082 
62.850192 
62.978745 
62.615012 
63.043884 
63.119317 
62.910142 
63.382827 
64.498372 
64.133022 
64.221349 
64.195907 
63.813870 
63.996150 
63.726040 
63.283051 
63.388656 
63.709239 
63.300796 
63.575811 
63.043884 
62.615012 
62.978745 
62.850192 
62.364082 
62.659854 
62.788458 
62.271327 
62.407277 
62.402739 
61.866515 
62.089700 
61.716204 
61.130825 
61.286662 
63.382827 
62.910142 
63.119317 
64.741378 
64.361432 
64.573914 
64.904742 
64.986626 
63.787497 
64.092098 
63.436037 
63.787497 
64.092098 
64.986626 
64.904742 
64.361432 
64.573914 
64.741378 
64.439726 
64.439726 
64.739622 
60.037602 
59.506196 
60.169599 
58.672129 
58.092952 
58.810822 
58.921178 
58.289262 
58.999285 
57.203391 
56.563516 
57.329337 
55.645533 
54.966687 
55.772433 
55.881316 
55.164352 
55.967751 
57.599050 
56.876995 
57.639906 
56.042473 
55.280214 
56.087020 
56.112139 
55.312959 
56.114723 
57.449050 
56.762925 
57.540275 
54.013559 
53.209989 
54.049230 
52.323185 
51.491023 
52.353719 
52.377393 
51.524064 
52.390000 
50.590690 
49.720230 
50.598073 
48.832759 
47.949541 
48.833822 
48.837002 
47.949541 
48.838048 
50.640632 
49.753510 
50.647547 
48.849576 
47.949541 
48.850573 
48.853551 
47.949541 
48.854530 
50.620535 
49.737092 
50.636144 
54.425720 
53.561584 
54.449831 
52.628556 
51.734266 
52.652775 
52.668776 
51.756599 
52.673717 
50.778341 
49.845145 
50.783509 
48.896052 
47.949541 
48.896802 
48.899027 
47.949541 
48.899754 
50.812276 
49.867640 
50.816772 
48.907547 
47.949541 
48.908201 
48.910137 
47.949541 
48.910767 
50.802250 
49.856691 
50.812802 
54.163134 
52.476435 
53.329859 
54.258852 
54.331911 
50.701511 
51.588907 
49.800351 
50.746470 
51.679849 
54.394020 
54.424982 
52.627848 
53.537729 
54.436777 
52.537198 
52.589072 
53.476616 
60.169599 
59.506196 
60.037602 
58.999285 
58.289262 
58.921178 
58.810822 
58.092952 
58.672129 
57.639906 
56.876995 
57.599050 
56.114723 
55.312959 
56.112139 
56.087020 
55.280214 
56.042473 
57.329337 
56.563516 
57.203391 
55.967751 
55.164352 
55.881316 
55.772433 
54.966687 
55.645533 
57.540275 
56.762925 
57.449050 
54.449831 
53.561584 
54.425720 
52.673717 
51.756599 
52.668776 
52.652775 
51.734266 
52.628556 
50.816772 
49.867640 
50.812276 
48.910767 
47.949541 
48.910137 
48.908201 
47.949541 
48.907547 
50.783509 
49.845145 
50.778341 
48.899754 
47.949541 
48.899027 
48.896802 
47.949541 
48.896052 
50.812802 
49.856691 
50.802250 
54.049230 
53.209989 
54.013559 
52.390000 
51.524064 
52.377393 
52.353719 
51.491023 
52.323185 
50.647547 
49.753510 
50.640632 
48.854530 
47.949541 
48.853551 
48.850573 
47.949541 
48.849576 
50.598073 
49.720230 
50.590690 
48.838048 
47.949541 
48.837002 
48.833822 
47.949541 
48.832759 
50.636144 
49.737092 
50.620535 
54.436777 
52.627848 
53.537729 
54.424982 
54.394020 
50.746470 
51.679849 
49.800351 
50.701511 
51.588907 
54.331911 
54.258852 
52.476435 
53.329859 
54.163134 
52.589072 
52.537198 
53.476616 
60.604559 
59.394780 
60.022634 
60.983892 
61.302065 
57.976698 
58.696631 
56.412775 
57.210704 
58.264799 
58.500553 
59.258175 
61.564759 
61.758774 
60.220044 
60.362528 
61.087606 
61.890628 
61.958854 
59.720143 
59.996512 
60.682046 
54.573511 
55.440390 
52.758482 
53.673283 
54.656756 
54.698583 
55.604207 
50.838509 
51.785768 
49.873347 
50.838509 
51.785768 
54.698583 
54.656756 
55.604207 
52.758482 
53.673283 
54.573511 
55.440390 
52.780301 
52.780301 
53.758239 
61.958854 
61.890628 
60.362528 
60.220044 
61.087606 
61.758774 
61.564759 
58.500553 
58.264799 
59.258175 
56.412775 
57.210704 
57.976698 
58.696631 
61.302065 
60.983892 
59.394780 
60.022634 
60.604559 
59.996512 
59.720143 
60.682046 
56.537383 
56.664566 
56.622192 
57.594621 
58.588878 
56.622192 
56.664566 
56.537383 
57.594621 
58.588878 
59.562158 
60.429828 
59.562158 
60.429828 
61.234794 
57.682827 
58.656155 
58.656155 
47.065261 
47.066323 
47.061034 
47.062081 
46.178852 
45.301009 
45.308393 
47.048510 
47.049506 
47.044552 
47.045531 
46.145572 
45.251535 
45.258451 
44.408059 
43.545363 
43.575898 
44.375019 
43.509083 
43.521690 
42.689093 
41.849852 
41.885524 
46.161991 
45.262938 
45.278548 
47.002281 
47.003031 
46.999329 
47.000055 
46.053938 
45.115574 
45.120742 
46.990881 
46.991536 
46.988316 
46.988945 
46.031443 
45.082311 
45.086806 
44.164816 
43.246308 
43.270526 
44.142484 
43.225365 
43.230306 
42.337499 
41.449252 
41.473362 
46.042391 
45.086281 
45.096832 
40.932396 
40.126649 
40.253550 
40.734731 
39.931331 
40.017767 
39.335567 
38.569746 
38.695692 
40.618869 
39.812062 
39.856610 
40.586123 
39.784360 
39.786943 
39.022088 
38.259176 
38.300032 
37.806131 
37.088261 
37.226954 
37.609821 
36.899798 
36.977905 
36.392887 
35.729484 
35.861480 
39.136157 
38.358808 
38.450032 
46.098731 
44.219233 
45.152612 
45.197571 
44.310176 
42.361354 
43.271234 
41.462306 
41.474101 
41.505062 
43.422647 
42.569223 
41.567171 
41.640230 
41.735949 
43.310011 
42.422467 
43.361885 
46.988945 
46.988316 
46.991536 
46.990881 
46.031443 
45.086806 
45.082311 
47.000055 
46.999329 
47.003031 
47.002281 
46.053938 
45.120742 
45.115574 
44.142484 
43.230306 
43.225365 
44.164816 
43.270526 
43.246308 
42.337499 
41.473362 
41.449252 
46.042391 
45.096832 
45.086281 
47.045531 
47.044552 
47.049506 
47.048510 
46.145572 
45.258451 
45.251535 
47.062081 
47.061034 
47.066323 
47.065261 
46.178852 
45.308393 
45.301009 
44.375019 
43.521690 
43.509083 
44.408059 
43.575898 
43.545363 
42.689093 
41.885524 
41.849852 
46.161991 
45.278548 
45.262938 
40.586123 
39.786943 
39.784360 
40.618869 
39.856610 
39.812062 
39.022088 
38.300032 
38.259176 
40.734731 
40.017767 
39.931331 
40.932396 
40.253550 
40.126649 
39.335567 
38.695692 
38.569746 
37.609821 
36.977905 
36.899798 
37.806131 
37.226954 
37.088261 
36.392887 
35.861480 
35.729484 
39.136157 
38.450032 
38.358808 
46.098731 
44.310176 
45.197571 
45.152612 
44.219233 
42.569223 
43.422647 
41.735949 
41.640230 
41.567171 
43.271234 
42.361354 
41.505062 
41.474101 
41.462306 
43.361885 
42.422467 
43.310011 
34.768258 
34.182879 
34.612421 
34.032567 
33.496343 
33.809382 
33.627755 
33.110625 
33.491806 
33.535000 
33.048890 
33.239229 
33.284070 
32.855199 
32.920337 
32.598286 
32.189844 
32.323271 
32.616031 
32.173042 
32.510426 
32.085212 
31.703175 
31.902933 
31.766060 
31.400711 
31.677734 
32.988941 
32.516255 
32.779765 
33.284070 
32.920337 
32.855199 
33.535000 
33.239229 
33.048890 
32.598286 
32.323271 
32.189844 
34.032567 
33.809382 
33.496343 
34.768258 
34.612421 
34.182879 
33.627755 
33.491806 
33.110625 
32.085212 
31.902933 
31.703175 
32.616031 
32.510426 
32.173042 
31.766060 
31.677734 
31.400711 
32.988941 
32.779765 
32.516255 
31.038752 
30.759124 
31.001748 
30.715764 
30.514495 
30.596160 
30.519930 
30.324337 
30.488979 
30.715764 
30.596160 
30.514495 
31.038752 
31.001748 
30.759124 
30.519930 
30.488979 
30.324337 
30.167645 
30.058843 
30.144364 
30.167645 
30.144364 
30.058843 
29.993036 
29.971223 
29.971223 
30.355101 
30.238797 
30.238797 
32.463045 
31.806985 
32.111586 
32.111586 
31.806985 
31.325168 
31.537651 
31.157705 
30.994340 
30.912457 
31.537651 
31.325168 
30.912457 
30.994340 
31.157705 
31.459356 
31.159461 
31.459356 
46.025735 
44.113314 
45.060573 
45.060573 
44.113314 
42.225800 
43.140600 
40.458692 
41.325571 
41.242327 
40.294875 
41.200499 
43.140600 
42.225800 
41.200499 
40.294875 
41.242327 
41.325571 
40.458692 
43.118781 
42.140843 
43.118781 
38.688379 
39.486307 
37.202451 
37.922384 
37.634284 
36.640907 
37.398530 
35.876448 
36.504303 
35.294523 
34.915191 
34.597018 
35.679039 
34.811477 
35.536554 
34.334324 
34.140309 
34.008455 
33.940228 
36.178939 
35.217036 
35.902570 
39.486307 
38.688379 
37.398530 
36.640907 
37.634284 
37.922384 
37.202451 
35.536554 
34.811477 
35.679039 
33.940228 
34.008455 
34.140309 
34.334324 
36.504303 
35.876448 
34.597018 
34.915191 
35.294523 
35.902570 
35.217036 
36.178939 
39.361700 
37.310204 
38.304461 
39.276891 
39.234517 
35.469254 
36.336925 
34.664288 
35.469254 
36.336925 
39.234517 
39.276891 
37.310204 
38.304461 
39.361700 
37.242927 
37.242927 
38.216256 
29.993036 
29.971223 
30.167645 
30.058843 
30.058843 
30.167645 
30.144364 
30.519930 
30.324337 
31.038752 
30.759124 
30.596160 
30.715764 
30.514495 
30.324337 
30.519930 
30.488979 
30.514495 
30.715764 
30.596160 
30.759124 
31.038752 
31.001748 
30.238797 
30.355101 
30.238797 
31.766060 
31.400711 
32.616031 
32.173042 
31.902933 
32.085212 
31.703175 
33.627755 
33.110625 
34.768258 
34.182879 
33.809382 
34.032567 
33.496343 
32.323271 
32.598286 
32.189844 
33.239229 
33.535000 
33.048890 
32.920337 
33.284070 
32.855199 
32.779765 
32.988941 
32.516255 
31.400711 
31.766060 
31.677734 
31.703175 
32.085212 
31.902933 
32.173042 
32.616031 
32.510426 
32.189844 
32.598286 
32.323271 
32.855199 
33.284070 
32.920337 
33.048890 
33.535000 
33.239229 
33.110625 
33.627755 
33.491806 
33.496343 
34.032567 
33.809382 
34.182879 
34.768258 
34.612421 
32.516255 
32.988941 
32.779765 
31.157705 
31.537651 
31.325168 
30.994340 
30.912457 
32.111586 
31.806985 
32.463045 
32.111586 
31.806985 
30.912457 
30.994340 
31.537651 
31.325168 
31.157705 
31.459356 
31.459356 
31.159461 
36.392887 
35.729484 
37.806131 
37.088261 
36.977905 
37.609821 
36.899798 
39.335567 
38.569746 
40.932396 
40.126649 
40.017767 
40.734731 
39.931331 
38.300032 
39.022088 
38.259176 
39.856610 
40.618869 
39.812062 
39.786943 
40.586123 
39.784360 
38.450032 
39.136157 
38.358808 
42.689093 
41.849852 
44.408059 
43.545363 
43.521690 
44.375019 
43.509083 
46.178852 
45.301009 
47.949541 
47.065261 
47.062081 
47.949541 
47.061034 
45.258451 
46.145572 
45.251535 
47.049506 
47.949541 
47.048510 
47.045531 
47.949541 
47.044552 
45.278548 
46.161991 
45.262938 
41.473362 
42.337499 
41.449252 
43.270526 
44.164816 
43.246308 
43.230306 
44.142484 
43.225365 
45.120742 
46.053938 
45.115574 
47.003031 
47.949541 
47.002281 
47.000055 
47.949541 
46.999329 
45.086806 
46.031443 
45.082311 
46.991536 
47.949541 
46.990881 
46.988945 
47.949541 
46.988316 
45.096832 
46.042391 
45.086281 
41.735949 
43.422647 
42.569223 
41.640230 
41.567171 
45.197571 
44.310176 
46.098731 
45.152612 
44.219233 
41.505062 
41.474101 
43.271234 
42.361354 
41.462306 
43.361885 
43.310011 
42.422467 
35.729484 
36.392887 
35.861480 
36.899798 
37.609821 
36.977905 
37.088261 
37.806131 
37.226954 
38.259176 
39.022088 
38.300032 
39.784360 
40.586123 
39.786943 
39.812062 
40.618869 
39.856610 
38.569746 
39.335567 
38.695692 
39.931331 
40.734731 
40.017767 
40.126649 
40.932396 
40.253550 
38.358808 
39.136157 
38.450032 
41.449252 
42.337499 
41.473362 
43.225365 
44.142484 
43.230306 
43.246308 
44.164816 
43.270526 
45.082311 
46.031443 
45.086806 
46.988316 
47.949541 
46.988945 
46.990881 
47.949541 
46.991536 
45.115574 
46.053938 
45.120742 
46.999329 
47.949541 
47.000055 
47.002281 
47.949541 
47.003031 
45.086281 
46.042391 
45.096832 
41.849852 
42.689093 
41.885524 
43.509083 
44.375019 
43.521690 
43.545363 
44.408059 
43.575898 
45.251535 
46.145572 
45.258451 
47.044552 
47.949541 
47.045531 
47.048510 
47.949541 
47.049506 
45.301009 
46.178852 
45.308393 
47.061034 
47.949541 
47.062081 
47.065261 
47.949541 
47.066323 
45.262938 
46.161991 
45.278548 
41.462306 
43.271234 
42.361354 
41.474101 
41.505062 
45.152612 
44.219233 
46.098731 
45.197571 
44.310176 
41.567171 
41.640230 
43.422647 
42.569223 
41.735949 
43.310011 
43.361885 
42.422467 
35.294523 
36.504303 
35.876448 
34.915191 
34.597018 
37.922384 
37.202451 
39.486307 
38.688379 
37.634284 
37.398530 
36.640907 
34.334324 
34.140309 
35.679039 
35.536554 
34.811477 
34.008455 
33.940228 
36.178939 
35.902570 
35.217036 
41.325571 
40.458692 
43.140600 
42.225800 
41.242327 
41.200499 
40.294875 
45.060573 
44.113314 
46.025735 
45.060573 
44.113314 
41.200499 
41.242327 
40.294875 
43.140600 
42.225800 
41.325571 
40.458692 
43.118781 
43.118781 
42.140843 
33.940228 
34.008455 
35.536554 
35.679039 
34.811477 
34.140309 
34.334324 
37.398530 
37.634284 
36.640907 
39.486307 
38.688379 
37.922384 
37.202451 
34.597018 
34.915191 
36.504303 
35.876448 
35.294523 
35.902570 
36.178939 
35.217036 
39.361700 
39.234517 
39.276891 
38.304461 
37.310204 
39.276891 
39.234517 
39.361700 
38.304461 
37.310204 
36.336925 
35.469254 
36.336925 
35.469254 
34.664288 
38.216256 
37.242927 
37.242927 
48.833822 
48.832759 
48.838048 
48.837002 
49.720230 
50.598073 
50.590690 
48.850573 
48.849576 
48.854530 
48.853551 
49.753510 
50.647547 
50.640632 
51.491023 
52.353719 
52.323185 
51.524064 
52.390000 
52.377393 
53.209989 
54.049230 
54.013559 
49.737092 
50.636144 
50.620535 
48.896802 
48.896052 
48.899754 
48.899027 
49.845145 
50.783509 
50.778341 
48.908201 
48.907547 
48.910767 
48.910137 
49.867640 
50.816772 
50.812276 
51.734266 
52.652775 
52.628556 
51.756599 
52.673717 
52.668776 
53.561584 
54.449831 
54.425720 
49.856691 
50.812802 
50.802250 
54.966687 
55.772433 
55.645533 
55.164352 
55.967751 
55.881316 
56.563516 
57.329337 
57.203391 
55.280214 
56.087020 
56.042473 
55.312959 
56.114723 
56.112139 
56.876995 
57.639906 
57.599050 
58.092952 
58.810822 
58.672129 
58.289262 
58.999285 
58.921178 
59.506196 
60.169599 
60.037602 
56.762925 
57.540275 
57.449050 
49.800351 
51.679849 
50.746470 
50.701511 
51.588907 
53.537729 
52.627848 
54.436777 
54.424982 
54.394020 
52.476435 
53.329859 
54.331911 
54.258852 
54.163134 
52.589072 
53.476616 
52.537198 
48.910137 
48.910767 
48.907547 
48.908201 
49.867640 
50.812276 
50.816772 
48.899027 
48.899754 
48.896052 
48.896802 
49.845145 
50.778341 
50.783509 
51.756599 
52.668776 
52.673717 
51.734266 
52.628556 
52.652775 
53.561584 
54.425720 
54.449831 
49.856691 
50.802250 
50.812802 
48.853551 
48.854530 
48.849576 
48.850573 
49.753510 
50.640632 
50.647547 
48.837002 
48.838048 
48.833822 
49.720230 
50.598073 
51.524064 
52.377393 
52.390000 
51.491023 
52.353719 
53.209989 
54.049230 
49.737092 
50.620535 
50.636144 
55.312959 
56.112139 
56.114723 
55.280214 
56.042473 
56.087020 
56.876995 
57.599050 
57.639906 
55.164352 
55.881316 
55.967751 
54.966687 
55.772433 
56.563516 
57.329337 
58.289262 
58.921178 
58.999285 
58.092952 
58.810822 
59.506196 
60.169599 
56.762925 
57.449050 
57.540275 
49.800351 
51.588907 
50.701511 
50.746470 
51.679849 
53.329859 
52.476435 
54.163134 
54.258852 
54.331911 
52.627848 
53.537729 
54.394020 
54.424982 
54.436777 
52.537198 
53.476616 
52.589072 
61.130825 
61.716204 
61.286662 
61.866515 
62.402739 
62.089700 
62.271327 
62.788458 
62.407277 
62.364082 
62.850192 
62.659854 
62.615012 
63.043884 
62.978745 
63.300796 
63.709239 
63.575811 
63.283051 
63.726040 
63.388656 
63.813870 
64.195907 
63.996150 
64.133022 
64.498372 
64.221349 
62.910142 
63.382827 
63.119317 
62.615012 
62.978745 
63.043884 
62.364082 
62.659854 
62.850192 
63.300796 
63.575811 
63.709239 
61.866515 
62.089700 
62.402739 
61.130825 
61.716204 
62.271327 
62.788458 
63.813870 
63.996150 
64.195907 
63.283051 
63.726040 
64.133022 
64.498372 
62.910142 
63.119317 
63.382827 
64.860330 
65.139959 
64.897334 
65.183319 
65.384587 
65.302922 
65.379153 
65.574746 
65.410104 
65.183319 
65.302922 
65.384587 
64.860330 
65.139959 
65.379153 
65.574746 
65.731438 
65.840239 
65.754718 
65.731438 
65.840239 
65.906047 
65.927859 
65.543982 
65.660285 
65.660285 
63.436037 
64.092098 
63.787497 
63.787497 
64.092098 
64.573914 
64.361432 
64.741378 
64.904742 
64.986626 
64.361432 
64.573914 
64.986626 
64.904742 
64.741378 
64.439726 
64.739622 
64.439726 
49.873347 
51.785768 
50.838509 
50.838509 
51.785768 
53.673283 
52.758482 
55.440390 
54.573511 
54.656756 
55.604207 
54.698583 
52.758482 
53.673283 
54.698583 
55.604207 
54.656756 
54.573511 
55.440390 
52.780301 
53.758239 
52.780301 
57.210704 
56.412775 
58.696631 
57.976698 
58.264799 
59.258175 
58.500553 
60.022634 
59.394780 
60.604559 
60.983892 
61.302065 
60.220044 
61.087606 
60.362528 
61.564759 
61.758774 
61.890628 
61.958854 
59.720143 
60.682046 
59.996512 
56.412775 
57.210704 
58.500553 
59.258175 
58.264799 
57.976698 
58.696631 
60.362528 
61.087606 
60.220044 
61.958854 
61.890628 
61.758774 
61.564759 
59.394780 
60.022634 
61.302065 
60.983892 
60.604559 
59.996512 
60.682046 
59.720143 
56.537383 
58.588878 
57.594621 
56.622192 
56.664566 
60.429828 
59.562158 
61.234794 
60.429828 
59.562158 
56.664566 
56.622192 
58.588878 
57.594621 
56.537383 
58.656155 
58.656155 
57.682827 
65.906047 
65.927859 
65.731438 
65.840239 
65.840239 
65.731438 
65.754718 
65.379153 
65.574746 
64.860330 
65.139959 
65.302922 
65.183319 
65.384587 
65.574746 
65.379153 
65.410104 
65.384587 
65.183319 
65.302922 
65.139959 
64.860330 
64.897334 
65.660285 
65.543982 
65.660285 
64.133022 
64.498372 
63.283051 
63.726040 
63.996150 
63.813870 
64.195907 
62.271327 
62.788458 
61.130825 
61.716204 
62.089700 
61.866515 
62.402739 
63.575811 
63.300796 
63.709239 
62.659854 
62.364082 
62.850192 
62.978745 
62.615012 
63.043884 
63.119317 
62.910142 
63.382827 
64.498372 
64.133022 
64.221349 
64.195907 
63.813870 
63.996150 
63.726040 
63.283051 
63.388656 
63.709239 
63.300796 
63.575811 
63.043884 
62.615012 
62.978745 
62.850192 
62.364082 
62.659854 
62.788458 
62.271327 
62.407277 
62.402739 
61.866515 
62.089700 
61.716204 
61.130825 
61.286662 
63.382827 
62.910142 
63.119317 
64.741378 
64.361432 
64.573914 
64.904742 
64.986626 
63.787497 
64.092098 
63.436037 
63.787497 
64.092098 
64.986626 
64.904742 
64.361432 
64.573914 
64.741378 
64.439726 
64.439726 
64.739622 
59.506196 
60.169599 
58.092952 
58.810822 
58.921178 
58.289262 
58.999285 
56.563516 
57.329337 
54.966687 
55.772433 
55.881316 
55.164352 
55.967751 
57.599050 
56.876995 
57.639906 
56.042473 
55.280214 
56.087020 
56.112139 
55.312959 
56.114723 
57.449050 
56.762925 
57.540275 
53.209989 
54.049230 
51.491023 
52.353719 
52.377393 
51.524064 
52.390000 
49.720230 
50.598073 
47.949541 
48.833822 
48.837002 
47.949541 
48.838048 
50.640632 
49.753510 
50.647547 
48.849576 
47.949541 
48.850573 
48.853551 
47.949541 
48.854530 
50.620535 
49.737092 
50.636144 
54.425720 
53.561584 
54.449831 
52.628556 
51.734266 
52.652775 
52.668776 
51.756599 
52.673717 
50.778341 
49.845145 
50.783509 
48.896052 
47.949541 
48.896802 
48.899027 
47.949541 
48.899754 
50.812276 
49.867640 
50.816772 
48.907547 
47.949541 
48.908201 
48.910137 
47.949541 
48.910767 
50.802250 
49.856691 
50.812802 
54.163134 
52.476435 
53.329859 
54.258852 
54.331911 
50.701511 
51.588907 
49.800351 
50.746470 
51.679849 
54.394020 
54.424982 
52.627848 
53.537729 
54.436777 
52.537198 
52.589072 
53.476616 
60.169599 
59.506196 
60.037602 
58.999285 
58.289262 
58.921178 
58.810822 
58.092952 
58.672129 
57.639906 
56.876995 
57.599050 
56.114723 
55.312959 
56.112139 
56.087020 
55.280214 
56.042473 
57.329337 
56.563516 
57.203391 
55.967751 
55.164352 
55.881316 
55.772433 
54.966687 
55.645533 
57.540275 
56.762925 
57.449050 
54.449831 
53.561584 
54.425720 
52.673717 
51.756599 
52.668776 
52.652775 
51.734266 
52.628556 
50.816772 
49.867640 
50.812276 
48.910767 
47.949541 
48.910137 
48.908201 
47.949541 
48.907547 
50.783509 
49.845145 
50.778341 
48.899754 
47.949541 
48.899027 
48.896802 
47.949541 
48.896052 
50.812802 
49.856691 
50.802250 
54.049230 
53.209989 
54.013559 
52.390000 
51.524064 
52.377393 
52.353719 
51.491023 
52.323185 
50.647547 
49.753510 
50.640632 
48.854530 
47.949541 
48.853551 
48.850573 
47.949541 
48.849576 
50.598073 
49.720230 
50.590690 
48.838048 
47.949541 
48.837002 
48.833822 
47.949541 
48.832759 
50.636144 
49.737092 
50.620535 
54.436777 
52.627848 
53.537729 
54.424982 
54.394020 
50.746470 
51.679849 
49.800351 
50.701511 
51.588907 
54.331911 
54.258852 
52.476435 
53.329859 
54.163134 
52.589072 
52.537198 
53.476616 
60.604559 
59.394780 
60.022634 
60.983892 
61.302065 
57.976698 
58.696631 
56.412775 
57.210704 
58.264799 
58.500553 
59.258175 
61.564759 
61.758774 
60.220044 
60.362528 
61.087606 
61.890628 
61.958854 
59.720143 
59.996512 
60.682046 
54.573511 
55.440390 
52.758482 
53.673283 
54.656756 
54.698583 
55.604207 
50.838509 
51.785768 
49.873347 
50.838509 
51.785768 
54.698583 
54.656756 
55.604207 
52.758482 
53.673283 
54.573511 
55.440390 
52.780301 
52.780301 
53.758239 
61.958854 
61.890628 
60.362528 
60.220044 
61.087606 
61.758774 
61.564759 
58.500553 
58.264799 
59.258175 
56.412775 
57.210704 
57.976698 
58.696631 
61.302065 
60.983892 
59.394780 
60.022634 
60.604559 
59.996512 
59.720143 
60.682046 
56.537383 
56.664566 
56.622192 
57.594621 
58.588878 
56.622192 
56.664566 
56.537383 
57.594621 
58.588878 
59.562158 
60.429828 
59.562158 
60.429828 
61.234794 
57.682827 
58.656155 
58.656155 
47.065261 
45.301009 
46.178852 
47.062081 
47.061034 
43.545363 
44.408059 
41.849852 
42.689093 
43.521690 
43.509083 
44.375019 
47.049506 
47.048510 
45.258451 
45.251535 
46.145572 
47.045531 
47.044552 
45.278548 
45.262938 
46.161991 
40.126649 
40.932396 
38.569746 
39.335567 
40.017767 
39.931331 
40.734731 
37.088261 
37.806131 
35.729484 
36.392887 
36.977905 
36.899798 
37.609821 
39.856610 
39.812062 
40.618869 
38.300032 
38.259176 
39.022088 
39.786943 
39.784360 
40.586123 
38.450032 
38.358808 
39.136157 
47.003031 
47.002281 
45.120742 
45.115574 
46.053938 
47.000055 
46.999329 
43.270526 
43.246308 
44.164816 
41.473362 
41.449252 
42.337499 
43.230306 
43.225365 
44.142484 
46.991536 
46.990881 
45.086806 
45.082311 
46.031443 
46.988945 
46.988316 
45.096832 
45.086281 
46.042391 
41.735949 
41.567171 
41.640230 
42.569223 
43.422647 
41.474101 
41.505062 
41.462306 
42.361354 
43.271234 
44.310176 
45.197571 
44.219233 
45.152612 
46.098731 
42.422467 
43.310011 
43.361885 
34.182879 
34.768258 
33.110625 
33.627755 
33.809382 
33.496343 
34.032567 
32.173042 
32.616031 
31.400711 
31.766060 
31.902933 
31.703175 
32.085212 
33.239229 
33.048890 
33.535000 
32.323271 
32.189844 
32.598286 
32.920337 
32.855199 
33.284070 
32.779765 
32.516255 
32.988941 
30.759124 
31.038752 
30.324337 
30.519930 
30.596160 
30.514495 
30.715764 
30.058843 
30.167645 
29.971223 
29.993036 
30.058843 
30.144364 
30.167645 
30.514495 
30.596160 
30.715764 
30.324337 
30.488979 
30.519930 
30.759124 
31.001748 
31.038752 
30.238797 
30.238797 
30.355101 
32.855199 
32.920337 
33.284070 
32.189844 
32.323271 
32.598286 
33.048890 
33.239229 
33.535000 
31.703175 
31.902933 
32.085212 
31.400711 
31.677734 
31.766060 
32.173042 
32.510426 
32.616031 
33.496343 
33.809382 
34.032567 
33.110625 
33.491806 
33.627755 
34.182879 
34.612421 
34.768258 
32.516255 
32.779765 
32.988941 
31.157705 
30.912457 
30.994340 
31.325168 
31.537651 
30.994340 
30.912457 
31.157705 
31.325168 
31.537651 
31.806985 
32.111586 
31.806985 
32.111586 
32.463045 
31.159461 
31.459356 
31.459356 
46.988316 
46.988945 
45.082311 
45.086806 
46.031443 
46.990881 
46.991536 
43.225365 
43.230306 
44.142484 
41.449252 
41.473362 
42.337499 
43.246308 
43.270526 
44.164816 
46.999329 
47.000055 
45.115574 
45.120742 
46.053938 
47.002281 
47.003031 
45.086281 
45.096832 
46.042391 
39.784360 
39.786943 
40.586123 
38.259176 
38.300032 
39.022088 
39.812062 
39.856610 
40.618869 
36.899798 
36.977905 
37.609821 
35.729484 
35.861480 
36.392887 
37.088261 
37.226954 
37.806131 
39.931331 
40.017767 
40.734731 
38.569746 
38.695692 
39.335567 
40.126649 
40.253550 
40.932396 
38.358808 
38.450032 
39.136157 
47.044552 
47.045531 
45.251535 
45.258451 
46.145572 
47.048510 
47.049506 
43.509083 
43.521690 
44.375019 
41.849852 
41.885524 
42.689093 
43.545363 
43.575898 
44.408059 
47.061034 
47.062081 
45.301009 
45.308393 
46.178852 
47.065261 
47.066323 
45.262938 
45.278548 
46.161991 
41.462306 
41.505062 
41.474101 
42.361354 
43.271234 
41.640230 
41.567171 
41.735949 
42.569223 
43.422647 
44.219233 
45.152612 
44.310176 
45.197571 
46.098731 
42.422467 
43.361885 
43.310011 
35.294523 
34.597018 
34.915191 
35.876448 
36.504303 
34.140309 
34.334324 
33.940228 
34.008455 
34.811477 
35.536554 
35.679039 
37.202451 
37.922384 
36.640907 
37.398530 
37.634284 
38.688379 
39.486307 
35.217036 
35.902570 
36.178939 
34.008455 
33.940228 
34.334324 
34.140309 
34.811477 
35.679039 
35.536554 
34.915191 
34.597018 
35.294523 
35.876448 
36.504303 
36.640907 
37.634284 
37.398530 
37.202451 
37.922384 
38.688379 
39.486307 
35.217036 
36.178939 
35.902570 
40.458692 
41.325571 
40.294875 
41.200499 
41.242327 
42.225800 
43.140600 
40.294875 
41.242327 
41.200499 
40.458692 
41.325571 
42.225800 
43.140600 
44.113314 
45.060573 
44.113314 
45.060573 
46.025735 
42.140843 
43.118781 
43.118781 
34.664288 
36.336925 
35.469254 
35.469254 
36.336925 
38.304461 
37.310204 
39.361700 
39.276891 
39.234517 
37.310204 
38.304461 
39.234517 
39.276891 
39.361700 
37.242927 
38.216256 
37.242927 
29.993036 
30.167645 
30.058843 
30.058843 
30.167645 
30.519930 
30.324337 
31.038752 
30.759124 
30.596160 
30.715764 
30.514495 
30.324337 
30.519930 
30.514495 
30.715764 
30.596160 
30.759124 
31.038752 
30.238797 
30.355101 
30.238797 
31.766060 
31.400711 
32.616031 
32.173042 
31.902933 
32.085212 
31.703175 
33.627755 
33.110625 
34.768258 
34.182879 
33.809382 
34.032567 
33.496343 
32.323271 
32.598286 
32.189844 
33.239229 
33.535000 
33.048890 
32.920337 
33.284070 
32.855199 
32.779765 
32.988941 
32.516255 
31.400711 
31.766060 
31.703175 
32.085212 
31.902933 
32.173042 
32.616031 
32.189844 
32.598286 
32.323271 
32.855199 
33.284070 
32.920337 
33.048890 
33.535000 
33.239229 
33.110625 
33.627755 
33.496343 
34.032567 
33.809382 
34.182879 
34.768258 
32.516255 
32.988941 
32.779765 
31.157705 
31.537651 
31.325168 
30.994340 
30.912457 
32.111586 
31.806985 
32.463045 
32.111586 
31.806985 
30.912457 
30.994340 
31.537651 
31.325168 
31.157705 
31.459356 
31.459356 
31.159461 
36.392887 
35.729484 
37.806131 
37.088261 
36.977905 
37.609821 
36.899798 
39.335567 
38.569746 
40.932396 
40.126649 
40.017767 
40.734731 
39.931331 
38.300032 
39.022088 
38.259176 
39.856610 
40.618869 
39.812062 
39.786943 
40.586123 
39.784360 
38.450032 
39.136157 
38.358808 
42.689093 
41.849852 
44.408059 
43.545363 
43.521690 
44.375019 
43.509083 
46.178852 
45.301009 
47.949541 
47.065261 
47.062081 
47.949541 
47.061034 
45.258451 
46.145572 
45.251535 
47.049506 
47.949541 
47.048510 
47.045531 
47.949541 
47.044552 
45.278548 
46.161991 
45.262938 
41.473362 
42.337499 
41.449252 
43.270526 
44.164816 
43.246308 
43.230306 
44.142484 
43.225365 
45.120742 
46.053938 
45.115574 
47.003031 
47.949541 
47.002281 
47.000055 
47.949541 
46.999329 
45.086806 
46.031443 
45.082311 
46.991536 
47.949541 
46.990881 
46.988945 
47.949541 
46.988316 
45.096832 
46.042391 
45.086281 
41.735949 
43.422647 
42.569223 
41.640230 
41.567171 
45.197571 
44.310176 
46.098731 
45.152612 
44.219233 
41.505062 
41.474101 
43.271234 
42.361354 
41.462306 
43.361885 
43.310011 
42.422467 
35.729484 
36.392887 
36.899798 
37.609821 
36.977905 
37.088261 
37.806131 
38.259176 
39.022088 
38.300032 
39.784360 
40.586123 
39.786943 
39.812062 
40.618869 
39.856610 
38.569746 
39.335567 
39.931331 
40.734731 
40.017767 
40.126649 
40.932396 
38.358808 
39.136157 
38.450032 
41.449252 
42.337499 
41.473362 
43.225365 
44.142484 
43.230306 
43.246308 
44.164816 
43.270526 
45.082311 
46.031443 
45.086806 
46.988316 
47.949541 
46.988945 
46.990881 
47.949541 
46.991536 
45.115574 
46.053938 
45.120742 
46.999329 
47.949541 
47.000055 
47.002281 
47.949541 
47.003031 
45.086281 
46.042391 
45.096832 
41.849852 
42.689093 
43.509083 
44.375019 
43.521690 
43.545363 
44.408059 
45.251535 
46.145572 
45.258451 
47.044552 
47.949541 
47.045531 
47.048510 
47.949541 
47.049506 
45.301009 
46.178852 
47.061034 
47.949541 
47.062081 
47.065261 
47.949541 
45.262938 
46.161991 
45.278548 
41.462306 
43.271234 
42.361354 
41.474101 
41.505062 
45.152612 
44.219233 
46.098731 
45.197571 
44.310176 
41.567171 
41.640230 
43.422647 
42.569223 
41.735949 
43.310011 
43.361885 
42.422467 
35.294523 
36.504303 
35.876448 
34.915191 
34.597018 
37.922384 
37.202451 
39.486307 
38.688379 
37.634284 
37.398530 
36.640907 
34.334324 
34.140309 
35.679039 
35.536554 
34.811477 
34.008455 
33.940228 
36.178939 
35.902570 
35.217036 
41.325571 
40.458692 
43.140600 
42.225800 
41.242327 
41.200499 
40.294875 
45.060573 
44.113314 
46.025735 
45.060573 
44.113314 
41.200499 
41.242327 
40.294875 
43.140600 
42.225800 
41.325571 
40.458692 
43.118781 
43.118781 
42.140843 
33.940228 
34.008455 
35.536554 
35.679039 
34.811477 
34.140309 
34.334324 
37.398530 
37.634284 
36.640907 
39.486307 
38.688379 
37.922384 
37.202451 
34.597018 
34.915191 
36.504303 
35.876448 
35.294523 
35.902570 
36.178939 
35.217036 
39.361700 
39.234517 
39.276891 
38.304461 
37.310204 
39.276891 
39.234517 
39.361700 
38.304461 
37.310204 
36.336925 
35.469254 
36.336925 
35.469254 
34.664288 
38.216256 
37.242927 
37.242927 
48.833822 
50.598073 
49.720230 
48.837002 
48.838048 
52.353719 
51.491023 
54.049230 
53.209989 
52.377393 
52.390000 
51.524064 
48.849576 
48.850573 
50.640632 
50.647547 
49.753510 
48.853551 
48.854530 
50.620535 
50.636144 
49.737092 
55.772433 
54.966687 
57.329337 
56.563516 
55.881316 
55.967751 
55.164352 
58.810822 
58.092952 
60.169599 
59.506196 
58.921178 
58.999285 
58.289262 
56.042473 
56.087020 
55.280214 
57.599050 
57.639906 
56.876995 
56.112139 
56.114723 
55.312959 
57.449050 
57.540275 
56.762925 
48.896052 
48.896802 
50.778341 
50.783509 
49.845145 
48.899027 
48.899754 
52.628556 
52.652775 
51.734266 
54.425720 
54.449831 
53.561584 
52.668776 
52.673717 
51.756599 
48.907547 
48.908201 
50.812276 
50.816772 
49.867640 
48.910137 
48.910767 
50.802250 
50.812802 
49.856691 
54.163134 
54.331911 
54.258852 
53.329859 
52.476435 
54.424982 
54.394020 
54.436777 
53.537729 
52.627848 
51.588907 
50.701511 
51.679849 
50.746470 
49.800351 
53.476616 
52.589072 
52.537198 
61.716204 
61.130825 
62.788458 
62.271327 
62.089700 
62.402739 
61.866515 
63.726040 
63.283051 
64.498372 
64.133022 
63.996150 
64.195907 
63.813870 
62.659854 
62.850192 
62.364082 
63.575811 
63.709239 
63.300796 
62.978745 
63.043884 
62.615012 
63.119317 
63.382827 
62.910142 
65.139959 
64.860330 
65.574746 
65.379153 
65.302922 
65.384587 
65.183319 
65.840239 
65.731438 
65.906047 
65.840239 
65.731438 
65.384587 
65.302922 
65.183319 
65.574746 
65.379153 
65.139959 
64.860330 
65.660285 
65.660285 
65.543982 
63.043884 
62.978745 
62.615012 
63.709239 
63.575811 
63.300796 
62.850192 
62.659854 
62.364082 
64.195907 
63.996150 
63.813870 
64.498372 
64.133022 
63.726040 
63.283051 
62.402739 
62.089700 
61.866515 
62.788458 
62.271327 
61.716204 
61.130825 
63.382827 
63.119317 
62.910142 
64.741378 
64.986626 
64.904742 
64.573914 
64.361432 
64.904742 
64.986626 
64.741378 
64.573914 
64.361432 
64.092098 
63.787497 
64.092098 
63.787497 
63.436037 
64.739622 
64.439726 
64.439726 
48.910767 
48.910137 
50.816772 
50.812276 
49.867640 
48.908201 
48.907547 
52.673717 
52.668776 
51.756599 
54.449831 
54.425720 
53.561584 
52.652775 
52.628556 
51.734266 
48.899754 
48.899027 
50.783509 
50.778341 
49.845145 
48.896802 
48.896052 
50.812802 
50.802250 
49.856691 
56.114723 
56.112139 
55.312959 
57.639906 
57.599050 
56.876995 
56.087020 
56.042473 
55.280214 
58.999285 
58.921178 
58.289262 
60.169599 
59.506196 
58.810822 
58.092952 
55.967751 
55.881316 
55.164352 
57.329337 
56.563516 
55.772433 
54.966687 
57.540275 
57.449050 
56.762925 
48.854530 
48.853551 
50.647547 
50.640632 
49.753510 
48.850573 
48.849576 
52.390000 
52.377393 
51.524064 
54.049230 
53.209989 
52.353719 
51.491023 
48.838048 
48.837002 
50.598073 
49.720230 
48.833822 
50.636144 
50.620535 
49.737092 
54.436777 
54.394020 
54.424982 
53.537729 
52.627848 
54.258852 
54.331911 
54.163134 
53.329859 
52.476435 
51.679849 
50.746470 
51.588907 
50.701511 
49.800351 
53.476616 
52.537198 
52.589072 
60.604559 
61.302065 
60.983892 
60.022634 
59.394780 
61.758774 
61.564759 
61.958854 
61.890628 
61.087606 
60.362528 
60.220044 
58.696631 
57.976698 
59.258175 
58.500553 
58.264799 
57.210704 
56.412775 
60.682046 
59.996512 
59.720143 
61.890628 
61.958854 
61.564759 
61.758774 
61.087606 
60.220044 
60.362528 
60.983892 
61.302065 
60.604559 
60.022634 
59.394780 
59.258175 
58.264799 
58.500553 
58.696631 
57.976698 
57.210704 
56.412775 
60.682046 
59.720143 
59.996512 
55.440390 
54.573511 
55.604207 
54.698583 
54.656756 
53.673283 
52.758482 
55.604207 
54.656756 
54.698583 
55.440390 
54.573511 
53.673283 
52.758482 
51.785768 
50.838509 
51.785768 
50.838509 
49.873347 
53.758239 
52.780301 
52.780301 
61.234794 
59.562158 
60.429828 
60.429828 
59.562158 
57.594621 
58.588878 
56.537383 
56.622192 
56.664566 
58.588878 
57.594621 
56.664566 
56.622192 
56.537383 
58.656155 
57.682827 
58.656155 
