49.642331 
45.672789 
49.040912 
50.588249 
47.819110 
46.979183 
48.798699 
47.501649 
58.178111 
47.077239 
36.001005 
49.396740 
22.648247 
71.560514 
49.226518 
56.791179 
36.762192 
48.758659 
49.113269 
49.913394 
51.872183 
48.543681 
46.599993 
47.748458 
54.561819 
48.189031 
57.925061 
40.487474 
37.410227 
47.291421 
45.950933 
46.280537 
46.645751 
44.465107 
39.593218 
28.625508 
48.705717 
47.861450 
37.857553 
50.183012 
27.350973 
65.100403 
68.764864 
50.315302 
62.977372 
67.927089 
54.889767 
54.182538 
49.449577 
56.442976 
52.981754 
48.522362 
49.935707 
39.021675 
41.081187 
40.672037 
43.584326 
41.946258 
30.957284 
49.851637 
27.019226 
41.521695 
47.442792 
66.852680 
60.762202 
49.731820 
49.295796 
48.868850 
49.988870 
48.945245 
47.958366 
48.214647 
50.912333 
54.633169 
55.530298 
48.682144 
47.938173 
47.950891 
48.265750 
47.157397 
47.678487 
47.270042 
46.893697 
48.083359 
57.765402 
57.062012 
58.775539 
50.146334 
47.863543 
52.165469 
53.954098 
48.587835 
55.036667 
48.801986 
50.197794 
53.271129 
42.478430 
41.952029 
45.372216 
43.740005 
38.108540 
36.782120 
35.868578 
45.996914 
46.176754 
47.438728 
46.706568 
46.552797 
47.213539 
46.517635 
39.303070 
45.360095 
38.417107 
46.533091 
46.887813 
46.627368 
46.531217 
46.296634 
46.044873 
45.051726 
46.415466 
41.229492 
44.896677 
41.686279 
47.230084 
46.626987 
32.309954 
25.910500 
23.126505 
47.705509 
47.563521 
48.316124 
47.927078 
48.252301 
49.051194 
48.424555 
25.989476 
30.482167 
23.771319 
48.292731 
49.776393 
47.397021 
44.858062 
50.511450 
41.706124 
46.701675 
46.737795 
33.669126 
59.780173 
61.368271 
52.633568 
56.314720 
68.183030 
69.802540 
70.368671 
49.356829 
50.095332 
48.771808 
49.232084 
49.765826 
70.368043 
67.014374 
71.790915 
51.491865 
53.641264 
55.627194 
56.694506 
55.725619 
55.113601 
67.212144 
51.811466 
50.853314 
56.171405 
53.544411 
54.523523 
56.240852 
57.156795 
57.980455 
58.282974 
49.401800 
55.441455 
54.480225 
49.293500 
52.187616 
54.893534 
51.980618 
53.655207 
50.959526 
49.039314 
50.434738 
49.224408 
47.717425 
48.062371 
56.059279 
53.763601 
55.304244 
42.221856 
36.185465 
37.219572 
44.155027 
46.709763 
42.221530 
38.020415 
44.259249 
44.614872 
41.168859 
37.660571 
38.266330 
47.397890 
46.799554 
38.809549 
38.288306 
42.187244 
45.953866 
45.388562 
38.818460 
40.247459 
43.563838 
38.796123 
22.811142 
26.675535 
37.430882 
37.105788 
25.554180 
23.166230 
50.333943 
39.656298 
39.582613 
49.305579 
42.650135 
38.459988 
41.876891 
46.766048 
48.153450 
46.596079 
45.695030 
46.874666 
26.049927 
36.134944 
36.355158 
60.785632 
70.401558 
68.917592 
57.688983 
53.209070 
67.678393 
71.653885 
57.189912 
57.991363 
58.278582 
49.155172 
48.101581 
53.348163 
49.090978 
47.593951 
66.220687 
55.741356 
55.467041 
49.424888 
48.789794 
49.198877 
49.199986 
48.419225 
48.547791 
49.374278 
50.382068 
50.955018 
49.028158 
48.299918 
48.328802 
48.867837 
48.288656 
48.287309 
48.048105 
48.549182 
48.954517 
51.397975 
53.040843 
53.439352 
50.416822 
51.667630 
52.424979 
55.332292 
57.050199 
57.181590 
48.493233 
49.446119 
49.916745 
48.738053 
48.303634 
48.299876 
48.622111 
48.249594 
48.293394 
47.958873 
47.672844 
47.726033 
48.429418 
47.988354 
48.154154 
48.054183 
47.507419 
47.760821 
47.430117 
46.816692 
47.115330 
47.533374 
47.556767 
47.991755 
46.947329 
46.631459 
47.087280 
47.476326 
47.226855 
47.917637 
47.850431 
47.372758 
47.562149 
58.302256 
58.488796 
58.672049 
56.519265 
56.048802 
57.633954 
58.274081 
57.662022 
58.533194 
52.231015 
51.140966 
53.613345 
48.597001 
47.701710 
49.106993 
49.693455 
48.019995 
50.315323 
56.442062 
54.608692 
56.839852 
50.894971 
48.378048 
51.454798 
51.927483 
48.813172 
52.314669 
54.926176 
53.172923 
55.872640 
47.922069 
48.198091 
47.837435 
48.129089 
49.402047 
49.060615 
48.804153 
48.993250 
50.425962 
52.222254 
51.331869 
54.257422 
54.509214 
56.089446 
56.976893 
49.623984 
51.661688 
50.483012 
45.498317 
45.561384 
45.720017 
45.540324 
42.076543 
39.419224 
39.139775 
46.237224 
45.915855 
46.733923 
46.533441 
44.567701 
43.180304 
41.856521 
37.588773 
36.619992 
36.400518 
39.041223 
38.225961 
37.194641 
36.124522 
36.065406 
35.730037 
42.975125 
40.635333 
39.825073 
46.500485 
46.716278 
46.249721 
46.276284 
46.018254 
45.895182 
45.911505 
46.889679 
46.519998 
47.601630 
47.273622 
47.100311 
47.341609 
47.012729 
46.146555 
46.536082 
46.197536 
46.959866 
47.256581 
46.935318 
46.889017 
47.153497 
46.822862 
46.268162 
46.589637 
46.146444 
36.948673 
38.551529 
36.798636 
43.521893 
45.860385 
42.395660 
41.614575 
44.876003 
41.296063 
46.844011 
46.586321 
46.887204 
46.696628 
46.988089 
46.608681 
46.517368 
46.775207 
46.419999 
46.395079 
46.367114 
45.963087 
46.291339 
46.490987 
46.136495 
45.913308 
46.038278 
45.587614 
46.823957 
46.623887 
46.657546 
46.106578 
45.891576 
45.836483 
44.896024 
42.911504 
46.370903 
46.191848 
46.492945 
46.651448 
46.433215 
40.109223 
38.230720 
43.910172 
39.844272 
37.168612 
45.671980 
44.993263 
43.424095 
46.030704 
45.426787 
46.703526 
46.434299 
43.324508 
36.804301 
35.193374 
47.052485 
46.913324 
47.257079 
47.165691 
47.000399 
46.073448 
44.462175 
29.904956 
25.760487 
24.621764 
35.570669 
31.452939 
28.003244 
24.071159 
23.529492 
22.630723 
45.943194 
41.537963 
38.712294 
47.432329 
47.371737 
47.532879 
47.483460 
47.635606 
47.816744 
47.703640 
47.707624 
47.597659 
48.086014 
47.874679 
48.105064 
48.519746 
48.297860 
48.053156 
48.352974 
48.095245 
48.470812 
48.880977 
48.613198 
48.738075 
49.221491 
48.844253 
47.797765 
48.108516 
47.948830 
23.779456 
24.502643 
23.032518 
30.445137 
33.709128 
27.513844 
25.843894 
28.410959 
25.006992 
45.786234 
47.983103 
43.074254 
48.971372 
49.581067 
49.026194 
49.054656 
49.980162 
49.037645 
34.490451 
43.043460 
32.811912 
49.023159 
50.367778 
48.921922 
48.803856 
50.590560 
48.659690 
39.345665 
46.291261 
36.407040 
47.433225 
47.518193 
47.490613 
47.054281 
44.239091 
47.978265 
47.670123 
48.436687 
47.434234 
43.339453 
35.289996 
28.805271 
34.492603 
28.623158 
25.207836 
46.386674 
41.293934 
41.721593 
54.241608 
54.462690 
52.978925 
53.736154 
60.961820 
66.649067 
67.056391 
51.440197 
52.205648 
50.327846 
50.814469 
54.346316 
58.318140 
61.318087 
68.635602 
69.516971 
69.635890 
67.178501 
68.327831 
69.127311 
70.234411 
70.818746 
71.026010 
58.314880 
64.198469 
65.910637 
49.491164 
49.773600 
49.016464 
49.239170 
49.686983 
49.764233 
50.297980 
48.551920 
48.768759 
48.313260 
48.527517 
48.699718 
49.687663 
49.470418 
50.125209 
48.867591 
48.996176 
49.139768 
49.305345 
49.052253 
49.004552 
49.353153 
71.344483 
71.246770 
71.875794 
68.053376 
65.422127 
69.463553 
70.388735 
67.867732 
70.860886 
56.241217 
52.508840 
58.366857 
49.637616 
49.916315 
50.242109 
50.605548 
62.167614 
56.367680 
62.394028 
50.915673 
51.257314 
51.545687 
51.844240 
60.419074 
54.811864 
61.721318 
51.033049 
52.038909 
51.694417 
54.494926 
60.812027 
51.283571 
51.875742 
50.448983 
53.443489 
59.404793 
66.841364 
69.073335 
66.280883 
69.177280 
70.424894 
56.194282 
62.009204 
62.484837 
49.871401 
50.056718 
51.685344 
50.817503 
50.931373 
52.372409 
52.246646 
54.268308 
52.735552 
57.412552 
56.071359 
54.801184 
55.106090 
54.265797 
54.261776 
55.754372 
56.035681 
54.671145 
55.427712 
55.597474 
56.671149 
56.847143 
57.380935 
52.635003 
53.678015 
53.139386 
58.717467 
58.501105 
58.135349 
58.597957 
58.292898 
57.425950 
57.608486 
55.389549 
57.095580 
49.247810 
52.588298 
52.689040 
49.471914 
52.488871 
55.844736 
53.351698 
54.616982 
52.042581 
49.369210 
51.322384 
50.677030 
49.254258 
50.290702 
57.149657 
55.237191 
56.756952 
55.834641 
54.472377 
55.498702 
53.955644 
52.637200 
53.530834 
52.722189 
51.026982 
51.623582 
51.966055 
50.764425 
51.672361 
50.041554 
49.166330 
49.911980 
49.702294 
48.825949 
49.397235 
49.527308 
48.613850 
48.801990 
48.904467 
48.141893 
48.420405 
47.916524 
47.304215 
47.507499 
51.194063 
49.904234 
50.427227 
57.637446 
56.420022 
57.268134 
56.382227 
55.489081 
53.058044 
54.843773 
51.290711 
52.347223 
53.363978 
55.423529 
55.851439 
54.468312 
55.339510 
56.154101 
55.127970 
54.581242 
55.298897 
45.744116 
38.956782 
41.885336 
46.070806 
46.578494 
36.246499 
37.125107 
35.813905 
35.829885 
36.463060 
37.136131 
37.787450 
47.121471 
47.686386 
40.876530 
42.831328 
45.573158 
48.105842 
48.346047 
38.931789 
39.484368 
42.867455 
37.952521 
36.628168 
43.262291 
40.318999 
39.873446 
41.381487 
39.789806 
45.511982 
45.260519 
45.123038 
45.080311 
44.244259 
42.917967 
42.941327 
41.193259 
39.454517 
39.952736 
40.933925 
39.143024 
39.041749 
37.644266 
36.874918 
37.003641 
44.126155 
43.116664 
42.690141 
48.411405 
48.296468 
45.821022 
45.400748 
47.143308 
48.076267 
47.767127 
41.054428 
40.262482 
42.834219 
37.308315 
37.245140 
38.261830 
39.832780 
39.896766 
41.844040 
47.384890 
46.976048 
44.061162 
43.933376 
45.574586 
46.597090 
46.333023 
44.819532 
44.329462 
46.368465 
36.555884 
39.590741 
38.046699 
37.173294 
38.515302 
39.076628 
40.024579 
37.820979 
39.454496 
41.469536 
41.522678 
45.155726 
43.977112 
45.945423 
47.407059 
40.300016 
41.801327 
40.708399 
44.514261 
33.843608 
39.935046 
43.203864 
41.683058 
23.702250 
26.820512 
22.281658 
22.585863 
23.827634 
25.164882 
28.202031 
39.866754 
38.508178 
34.523638 
35.508420 
37.213861 
37.499342 
37.028788 
32.932971 
33.339284 
37.854258 
23.201426 
22.595892 
26.053026 
24.230430 
24.007344 
25.777409 
24.399155 
40.280971 
31.270825 
50.499770 
48.504300 
48.358476 
50.110075 
48.308994 
31.319531 
40.771763 
33.643515 
48.201131 
49.579232 
48.274090 
48.321358 
49.033827 
48.321771 
29.949008 
39.111732 
29.871999 
37.362445 
38.261086 
39.837322 
41.902782 
39.863239 
39.768126 
41.778101 
43.901605 
46.839728 
44.582648 
48.158330 
48.469156 
47.931906 
47.607133 
47.806637 
47.212783 
44.000867 
45.396389 
46.768040 
47.107001 
46.425432 
46.262929 
46.822427 
44.516666 
46.141697 
44.215088 
22.592324 
25.775887 
23.694289 
23.799639 
27.570851 
37.374376 
30.891325 
45.353719 
41.056183 
39.496692 
33.936152 
36.601808 
38.572926 
37.915781 
37.351198 
30.725593 
36.066282 
32.067177 
54.377165 
67.253939 
61.530746 
53.970180 
53.197027 
69.799612 
68.980056 
71.208803 
70.541831 
69.706040 
69.171354 
68.426696 
52.296606 
51.281051 
63.766743 
59.911806 
55.618331 
50.412935 
49.732027 
67.217202 
66.347423 
59.607619 
72.055665 
71.961071 
68.491766 
71.321992 
70.870656 
64.753280 
68.557880 
57.084389 
62.389294 
52.239900 
52.904912 
53.980493 
59.565990 
58.370479 
58.805228 
55.797108 
57.224555 
57.915002 
57.662487 
61.997964 
57.551371 
60.776099 
48.942779 
48.515057 
49.374909 
48.670526 
48.565690 
48.108230 
47.740821 
50.889323 
50.809953 
49.170857 
55.661927 
53.490242 
51.124677 
49.396957 
47.397002 
47.233484 
48.311830 
47.717600 
47.263864 
48.251027 
48.124861 
47.744618 
71.284324 
63.689432 
70.007244 
69.801363 
67.198194 
57.387481 
57.798189 
56.696962 
54.581390 
52.743384 
60.797305 
55.563996 
51.964249 
51.475939 
50.561366 
57.370472 
54.889027 
59.159803 
49.517360 
49.070535 
49.233223 
49.353683 
48.865783 
48.951235 
48.968022 
49.195930 
49.495126 
49.245765 
48.751978 
48.797856 
49.156229 
48.688492 
48.716070 
48.472926 
48.434878 
48.568232 
49.667171 
50.190960 
50.504230 
49.108180 
49.616091 
49.896196 
50.661357 
51.091651 
51.377308 
48.651520 
48.739091 
48.947596 
49.070590 
48.627648 
48.646564 
48.986237 
48.594578 
48.610076 
48.310562 
48.128387 
48.169907 
48.905639 
48.564110 
48.577380 
48.832143 
48.539815 
48.551296 
48.286462 
48.072176 
48.073276 
48.121332 
48.336383 
48.496052 
47.994236 
48.079224 
48.196299 
48.749301 
49.234653 
49.449199 
48.291125 
48.080413 
48.098436 
51.635543 
52.330343 
52.544274 
51.156938 
51.830924 
52.093283 
53.271072 
54.371992 
54.486883 
50.665286 
51.252752 
51.548957 
50.166807 
50.652867 
50.951756 
52.057288 
53.058285 
53.504915 
55.489928 
56.427935 
56.443169 
55.046664 
56.023767 
56.292571 
57.177050 
57.742405 
57.752612 
52.761996 
53.897911 
54.188456 
48.367101 
48.341463 
48.235745 
48.323570 
48.669209 
49.201398 
48.703585 
49.697803 
49.936366 
50.167455 
49.382061 
50.145987 
50.396485 
50.623627 
50.854324 
48.917784 
49.682213 
49.144641 
48.767441 
48.513667 
48.523702 
48.709930 
48.491428 
48.503370 
48.302448 
48.120483 
48.111464 
48.653416 
48.458556 
48.477682 
48.586266 
48.399136 
48.433200 
48.276198 
48.094960 
48.116540 
47.956852 
47.815250 
47.818671 
47.953751 
47.789252 
47.806935 
47.701701 
47.637430 
47.695855 
48.301052 
48.124396 
48.124641 
48.492088 
48.295025 
48.354639 
48.354156 
48.131421 
48.220706 
48.079298 
47.836617 
47.930664 
48.164980 
47.912664 
48.027197 
47.937214 
47.669030 
47.791241 
47.634157 
47.335606 
47.468006 
47.560546 
47.265896 
47.401626 
47.293266 
46.980316 
47.122732 
46.965896 
46.683572 
46.841481 
47.880453 
47.598672 
47.723645 
47.644804 
47.709243 
47.866899 
47.409422 
47.367192 
47.542883 
47.778201 
47.806902 
48.070438 
47.115040 
46.978964 
47.174936 
46.772834 
46.581089 
46.777839 
46.856270 
46.742208 
46.994563 
47.779816 
47.697614 
48.030909 
47.178684 
47.062155 
47.371417 
47.563438 
47.374834 
47.743803 
47.324436 
47.263531 
47.537316 
48.210718 
47.775212 
48.005036 
48.059194 
47.904068 
47.251049 
47.516575 
46.995805 
47.143856 
47.277381 
47.749930 
47.626078 
47.395435 
47.491769 
47.571372 
47.616853 
47.478323 
47.694631 
58.321590 
58.542821 
58.479143 
58.118503 
58.189592 
58.447258 
58.659743 
58.680044 
58.768381 
57.234879 
57.145561 
57.754832 
55.620033 
55.363517 
56.345419 
56.938323 
56.612612 
57.404219 
58.607774 
58.445732 
58.697184 
57.763677 
57.408186 
58.019856 
58.189371 
57.832287 
58.279121 
58.150481 
58.008476 
58.430554 
53.403581 
52.936247 
54.153337 
51.127454 
50.630515 
51.732752 
52.349778 
51.659056 
52.947512 
49.305302 
48.843599 
49.654532 
48.002660 
47.609033 
48.166924 
48.334814 
47.784989 
48.509451 
50.863222 
50.004336 
51.282010 
48.692187 
47.941005 
48.882840 
49.079756 
48.102292 
49.281688 
50.044380 
49.394664 
50.452497 
57.305225 
56.674857 
57.453982 
55.318446 
54.308500 
55.623582 
55.865962 
54.852273 
56.047192 
52.434489 
51.184714 
52.772386 
49.457178 
48.280861 
49.657221 
49.853583 
48.480516 
50.047819 
53.583043 
52.139770 
53.784555 
50.222362 
48.699164 
50.399490 
50.560333 
48.927944 
50.706506 
53.090573 
51.706095 
53.361226 
54.906572 
53.577573 
54.310034 
55.561135 
56.104662 
51.706090 
52.692991 
50.616703 
52.093350 
53.595108 
56.547926 
56.886708 
55.014027 
56.197905 
57.137031 
54.130696 
54.611119 
55.447034 
48.292831 
47.932395 
48.091423 
48.076522 
47.928396 
47.764957 
47.814450 
47.949248 
47.805813 
47.963500 
48.489543 
48.174088 
47.963500 
48.328039 
48.435627 
49.111277 
48.708984 
48.981024 
49.669132 
47.831418 
47.957738 
47.878079 
48.382697 
48.192149 
48.556802 
48.508603 
48.973468 
49.602751 
49.457029 
48.425254 
48.525103 
48.252268 
48.842476 
49.525723 
50.366613 
51.275229 
51.113264 
50.357351 
51.285158 
52.329655 
53.426851 
49.070991 
49.658288 
49.681139 
50.524322 
51.533945 
52.308374 
53.825982 
52.672848 
52.932427 
54.532739 
54.034986 
55.373788 
54.779876 
54.680218 
55.644926 
56.456196 
57.077384 
56.028110 
57.105497 
57.529317 
57.776453 
57.847710 
55.369487 
56.631114 
55.794177 
48.526830 
49.955081 
49.215946 
48.882743 
49.235789 
52.043180 
50.897521 
53.375913 
53.045791 
52.469347 
49.591375 
49.916777 
51.690587 
50.912850 
50.229554 
50.510407 
51.096733 
50.054414 
47.252754 
47.336042 
47.132997 
47.182213 
45.507504 
43.728401 
43.727001 
47.065419 
47.081673 
47.070404 
47.060194 
45.615115 
44.159306 
43.983716 
41.976190 
40.474477 
40.397223 
42.245946 
40.844608 
40.623436 
39.241473 
38.275537 
38.161835 
45.498976 
43.837027 
43.751795 
47.078795 
47.044814 
47.152215 
47.115205 
46.072844 
45.096944 
44.807507 
47.198289 
47.178970 
47.173965 
47.198256 
46.649394 
46.146320 
45.929205 
44.144979 
43.276403 
42.745254 
44.985176 
44.381765 
43.833398 
42.497764 
41.838441 
41.099071 
46.390490 
45.664115 
45.380170 
37.458987 
36.897121 
36.835164 
37.802883 
37.262317 
37.037608 
36.469613 
36.160285 
36.082886 
38.516701 
38.010295 
37.583729 
39.695960 
39.258741 
38.563351 
37.641743 
37.404687 
36.929137 
35.951948 
35.848917 
35.751170 
36.396045 
36.340174 
36.041822 
35.846765 
35.951792 
35.809848 
36.856001 
36.569042 
36.316792 
45.799397 
43.329126 
44.538135 
44.319232 
42.689131 
41.200498 
42.185896 
40.366096 
39.748198 
39.249499 
41.032808 
39.577234 
38.859404 
38.573264 
38.380415 
41.719218 
40.179400 
41.333925 
46.971516 
47.076680 
46.691189 
46.838080 
46.620997 
46.327911 
46.415709 
46.446441 
46.550462 
46.417351 
46.398355 
46.229814 
46.106842 
46.087189 
46.096586 
45.946057 
46.006072 
45.976436 
45.925560 
45.908090 
45.881726 
45.904896 
45.895913 
46.374565 
46.130355 
46.220898 
46.660497 
46.521048 
47.015777 
46.831912 
46.697991 
46.785335 
46.587367 
47.384054 
47.206516 
47.705465 
47.551572 
47.444196 
47.511881 
47.353349 
46.908832 
47.047207 
46.855639 
47.277247 
47.382543 
47.223638 
47.185898 
47.312613 
47.161201 
47.085631 
47.176108 
46.984630 
46.011479 
46.164833 
46.057891 
46.338338 
46.544132 
46.338830 
46.344357 
46.527121 
46.355006 
46.764238 
46.948411 
46.755868 
47.135534 
47.273905 
47.121745 
47.106333 
47.236952 
47.087426 
46.702099 
46.858022 
46.675492 
47.061471 
47.185726 
47.031818 
46.996592 
47.117182 
46.957274 
46.741463 
46.914842 
46.723462 
46.353166 
46.479856 
46.378798 
46.209053 
46.098003 
46.808802 
46.634611 
46.981197 
46.780623 
46.565059 
46.020479 
45.983988 
46.338306 
46.135477 
45.982256 
46.405610 
46.360025 
46.190343 
36.354761 
36.812260 
36.321227 
37.881192 
38.844613 
37.609464 
37.478228 
38.412840 
37.476494 
41.305247 
42.931411 
40.699456 
45.250206 
46.086019 
44.865472 
44.462223 
45.614271 
44.065711 
39.736992 
41.392144 
39.689871 
43.711867 
45.110528 
43.409450 
43.179684 
44.661713 
43.016899 
40.210994 
41.941351 
39.892455 
46.762438 
46.876957 
46.725134 
46.684932 
46.558919 
46.743294 
46.789492 
46.610633 
46.819675 
46.548763 
46.652570 
46.527888 
46.889953 
47.034103 
46.842575 
46.792685 
46.939342 
46.740541 
46.477388 
46.469832 
46.460667 
46.685503 
46.833253 
46.627990 
46.566900 
46.713008 
46.501592 
46.509661 
46.563322 
46.493640 
45.711407 
46.199116 
45.435770 
46.623567 
46.465414 
46.504159 
46.344413 
46.229707 
46.138932 
46.339736 
46.219680 
46.283303 
46.427868 
46.572254 
46.349013 
46.260883 
46.399974 
46.161376 
45.968387 
45.768001 
45.797835 
46.045137 
46.177572 
45.911235 
45.751867 
45.872717 
45.560573 
46.208228 
46.035658 
46.105082 
46.638935 
46.836900 
46.869734 
46.525548 
46.390037 
46.434041 
46.634602 
46.360322 
46.394999 
46.590876 
46.239553 
46.074990 
46.720685 
46.539945 
45.899753 
46.825463 
46.787168 
46.753341 
46.778211 
46.217339 
46.460003 
46.369179 
45.818125 
45.940219 
46.038812 
45.952927 
45.913514 
45.828151 
45.624794 
45.522886 
45.049338 
44.090147 
44.903210 
44.124367 
44.005456 
42.916682 
41.623803 
45.925755 
45.502200 
45.596803 
46.158260 
46.054740 
46.372172 
46.262777 
46.302653 
46.459538 
46.323241 
46.627962 
46.498192 
46.761256 
46.584482 
46.505738 
46.600940 
46.697541 
46.452034 
46.600304 
46.765133 
46.749634 
46.370355 
46.424268 
46.504539 
46.510392 
40.132108 
39.002754 
40.457260 
39.511848 
39.070302 
38.069268 
37.354470 
42.435593 
41.877281 
40.447106 
45.291142 
43.651975 
41.480575 
39.457210 
36.818063 
36.489850 
37.934242 
36.964680 
36.334228 
38.774071 
38.244241 
37.593820 
46.030359 
46.071770 
46.081809 
45.822775 
45.308323 
45.807039 
45.977870 
45.568475 
44.481752 
43.337623 
44.345235 
43.019044 
42.343012 
41.735852 
41.501345 
45.393091 
44.136576 
44.809790 
45.959201 
45.729120 
46.302378 
46.147662 
45.758533 
44.824020 
44.245280 
46.545566 
46.435861 
46.723538 
46.640834 
46.581430 
46.342365 
46.071578 
42.481127 
39.201637 
38.428802 
44.150966 
41.246815 
40.147141 
35.892767 
32.601628 
31.859117 
46.252237 
45.724616 
45.307789 
46.875961 
46.810575 
46.991028 
46.936097 
46.987673 
46.999832 
46.888689 
47.092278 
47.044510 
47.179768 
47.137596 
47.213440 
47.289916 
47.234342 
46.836500 
46.370417 
45.920766 
47.128760 
46.948345 
46.704125 
45.387054 
43.711911 
42.172252 
47.112182 
47.169096 
47.091608 
29.108895 
26.654764 
26.166563 
30.983953 
28.499123 
27.430252 
25.066073 
24.100134 
23.690068 
33.846248 
31.491506 
29.868991 
37.485326 
35.340689 
33.330253 
29.579401 
28.192197 
26.728188 
23.504200 
23.165927 
22.797044 
24.856543 
24.452084 
23.709681 
22.997827 
22.960936 
22.588496 
26.722856 
25.570339 
24.709563 
46.816548 
46.327860 
46.741042 
46.560206 
45.464505 
43.092587 
45.217058 
40.246163 
38.412507 
36.788449 
42.211053 
37.645314 
35.381709 
34.208969 
33.274279 
44.340997 
40.039510 
43.306797 
47.273837 
47.239083 
47.333395 
47.305343 
47.403602 
47.509774 
47.477975 
47.379860 
47.357931 
47.421575 
47.400309 
47.507747 
47.627095 
47.596865 
47.600524 
47.680854 
47.635855 
47.670057 
47.768768 
47.724629 
47.760909 
47.848383 
47.776006 
47.459087 
47.569131 
47.540447 
47.477302 
47.444230 
47.580119 
47.521601 
47.646344 
47.822763 
47.757473 
47.744179 
47.654619 
47.957799 
47.846676 
47.976715 
48.205009 
48.096086 
48.010767 
48.204950 
48.107454 
48.207881 
48.420646 
48.310447 
48.406708 
48.614465 
48.497180 
47.784306 
47.994769 
47.902786 
47.957724 
48.080708 
47.966592 
48.150688 
48.306156 
48.193117 
48.225978 
48.392582 
48.248284 
48.358999 
48.544075 
48.424247 
48.586891 
48.794312 
48.667957 
48.745771 
48.966390 
48.820384 
48.583232 
48.792934 
48.622781 
48.893156 
49.136021 
48.962770 
49.030486 
49.308209 
49.096239 
48.482295 
48.677592 
48.535309 
47.561374 
47.856615 
47.704904 
47.662531 
47.748339 
48.199139 
48.022985 
48.387760 
48.282847 
48.184711 
47.821712 
47.880356 
48.091609 
48.006577 
47.925989 
47.946176 
48.024427 
47.879583 
23.110965 
23.329291 
22.797900 
24.704602 
25.127408 
24.084079 
23.643939 
24.061900 
23.353749 
27.821941 
28.789484 
26.629006 
33.880049 
35.682009 
31.867647 
30.137133 
31.960266 
28.748109 
24.620460 
25.342609 
24.307458 
27.676818 
29.302871 
26.894377 
26.335558 
27.772067 
25.960027 
25.727374 
26.544918 
25.075626 
42.222668 
44.578328 
40.289748 
47.529133 
48.164868 
47.102970 
46.491091 
47.732312 
45.655613 
48.697923 
49.001485 
48.681945 
49.194169 
49.487574 
49.255858 
49.316342 
49.677380 
49.373730 
48.514521 
49.050635 
48.400140 
49.432599 
49.877625 
49.483565 
49.530934 
50.082598 
49.571752 
48.645077 
49.043893 
48.590219 
30.239924 
33.544985 
29.524996 
39.479772 
43.923809 
38.432925 
37.585734 
42.289843 
36.927894 
47.912120 
48.975952 
47.650262 
49.635301 
50.279005 
49.663643 
49.685190 
50.446289 
49.696259 
46.745099 
48.728512 
46.427497 
49.707064 
50.560365 
49.699840 
49.685449 
50.600203 
49.660639 
47.339868 
48.862596 
47.030902 
38.172611 
44.393489 
41.171414 
36.260968 
34.570149 
48.257137 
46.905339 
49.032295 
48.091435 
45.586394 
33.093493 
31.876343 
40.400691 
35.331247 
30.924038 
43.010311 
41.632010 
37.758329 
47.318239 
47.504452 
47.425531 
47.363311 
47.344437 
47.611512 
47.564667 
47.716462 
47.658542 
47.499592 
47.213970 
47.266235 
47.178384 
46.666906 
46.881042 
45.793783 
46.257417 
45.227815 
42.012671 
47.472717 
47.316614 
47.349868 
47.923107 
47.811127 
48.238822 
48.067078 
47.802692 
47.551679 
47.364320 
48.665114 
48.444636 
48.912535 
48.691223 
48.390972 
47.040895 
46.099306 
45.496861 
47.865472 
46.820130 
44.465822 
40.551639 
48.193218 
48.081214 
47.792448 
37.096685 
33.190246 
34.159825 
30.997167 
31.750123 
29.736426 
27.130095 
33.782773 
31.256921 
30.845159 
35.828386 
32.247693 
29.248652 
27.044598 
25.332368 
24.229504 
25.431738 
24.329166 
23.525001 
28.446109 
26.628921 
26.633925 
47.567843 
46.467670 
47.220077 
47.177153 
46.485303 
42.055825 
44.805725 
38.797655 
37.714340 
37.281850 
45.109451 
42.831904 
37.499399 
38.363507 
39.900966 
44.537567 
41.198747 
44.658617 
52.013462 
52.027356 
51.853345 
51.956626 
54.403106 
57.548366 
57.657740 
51.559656 
51.728654 
51.174274 
51.373390 
53.379598 
55.988850 
56.550468 
61.270604 
64.755262 
64.915946 
60.457431 
63.855194 
64.408022 
66.919334 
68.026967 
68.133199 
54.032813 
57.033708 
57.366855 
50.786528 
50.991592 
50.404277 
50.589959 
51.809480 
53.302315 
54.006981 
50.069414 
50.230301 
49.782779 
49.920417 
50.557362 
51.180864 
51.593751 
55.326551 
57.566696 
58.819561 
53.434034 
55.053656 
56.293116 
59.841860 
61.951956 
63.490590 
51.111356 
52.096444 
52.671005 
68.733991 
69.201649 
69.232149 
68.458736 
68.952765 
69.111765 
69.606690 
69.977896 
70.011220 
67.774364 
68.352946 
68.707763 
66.317222 
67.114854 
67.843739 
68.795405 
69.155951 
69.486946 
70.335627 
70.661790 
70.708506 
70.059778 
70.347248 
70.542918 
70.961789 
71.224374 
71.313447 
69.363684 
69.729745 
69.889850 
52.605085 
57.363458 
54.747463 
55.423931 
59.132303 
62.882132 
60.218419 
64.947633 
66.043783 
66.819345 
63.331855 
66.372645 
67.352451 
67.701675 
67.917124 
61.448889 
65.195627 
62.502208 
49.473564 
49.589532 
49.257967 
49.362873 
49.627040 
49.763751 
49.944703 
49.053725 
49.152482 
48.858411 
48.955513 
49.126428 
49.181429 
49.308416 
49.878866 
49.962572 
50.216232 
49.514412 
49.548385 
49.741597 
50.009719 
50.015218 
50.332642 
49.361815 
49.448747 
49.600381 
48.644271 
48.743720 
48.434776 
48.541153 
48.661785 
48.664813 
48.778821 
48.200505 
48.318947 
48.073109 
48.188077 
48.296496 
48.650920 
48.618496 
48.745890 
48.399754 
48.488077 
48.565812 
48.632450 
48.435568 
48.424762 
48.547525 
49.972969 
49.889003 
50.245055 
49.444431 
49.346091 
49.594136 
49.765554 
49.609026 
49.962537 
49.042062 
48.932446 
49.124904 
48.703071 
48.754286 
48.802192 
48.847988 
49.423066 
49.218854 
49.544134 
48.897145 
48.945745 
48.998581 
49.055419 
49.216755 
49.065921 
49.315906 
48.892283 
48.910538 
48.910407 
49.044465 
49.199936 
48.849703 
48.890490 
48.787119 
48.947871 
49.117080 
49.369464 
49.546684 
49.307154 
49.511880 
49.745938 
49.040363 
49.171801 
49.199369 
71.532188 
71.647250 
71.753888 
70.971285 
70.849236 
71.356941 
71.669218 
71.562731 
71.901024 
69.449332 
68.832925 
70.042535 
65.937756 
64.311684 
66.988391 
67.833934 
66.316626 
68.507643 
71.264196 
70.688327 
71.481333 
69.034473 
67.530472 
69.423487 
69.668728 
68.011864 
69.747591 
70.545814 
69.983616 
70.953283 
59.572253 
57.346697 
60.755997 
53.394020 
51.976423 
54.226899 
55.087440 
53.072114 
55.923389 
50.351656 
49.771860 
50.598294 
49.152939 
49.223414 
49.299382 
49.380744 
51.505869 
50.422590 
51.853712 
49.465105 
49.554439 
49.645809 
49.738992 
50.884221 
50.075733 
51.189695 
65.305848 
62.378249 
65.352563 
58.912263 
56.048188 
59.255887 
59.455723 
56.582096 
59.523754 
52.776216 
51.092867 
53.082840 
49.807963 
49.897256 
49.983809 
50.071078 
53.779157 
51.697451 
53.962661 
50.149982 
50.242627 
50.344197 
50.468123 
53.374196 
51.409852 
53.604622 
62.020589 
56.849928 
59.464462 
63.106114 
63.989140 
52.201913 
54.256544 
50.769519 
52.514570 
55.275847 
64.651269 
65.102577 
58.672072 
62.049170 
65.324658 
57.602057 
58.212733 
61.167234 
50.029240 
50.504900 
50.274867 
50.681186 
51.727053 
50.877705 
50.718949 
51.008170 
50.978999 
51.920860 
53.587662 
53.291303 
53.592441 
56.362275 
55.231560 
58.224094 
57.450736 
59.763565 
63.213892 
51.390577 
52.874434 
52.326353 
50.811704 
50.945656 
50.363845 
50.611473 
51.625516 
52.777962 
53.247982 
49.769195 
50.068684 
49.459698 
50.038915 
50.921488 
54.371239 
56.173674 
57.266146 
52.445053 
54.824727 
57.978417 
61.349917 
50.881574 
51.568974 
52.214671 
66.208551 
67.754726 
67.161490 
68.348005 
68.149235 
68.776708 
69.531928 
66.955425 
68.037996 
68.334749 
65.009289 
67.313155 
68.847530 
69.840191 
70.172312 
70.697584 
70.515845 
70.925018 
71.152849 
69.230597 
69.937519 
69.812761 
52.044026 
55.839610 
53.645592 
53.762997 
56.152820 
60.948636 
58.455939 
63.206404 
64.446609 
65.104589 
59.055220 
61.903841 
65.298183 
65.072534 
64.413254 
59.117243 
62.506580 
59.319799 
49.455400 
49.815257 
49.856457 
49.496818 
49.757718 
50.158929 
50.392746 
50.879634 
50.385057 
51.723274 
51.309125 
51.284624 
51.719375 
51.291232 
50.696332 
51.359454 
51.466658 
51.364857 
51.996290 
51.604452 
52.164700 
53.076873 
53.173951 
50.293574 
50.797449 
50.350197 
53.003176 
52.305729 
54.888962 
53.898423 
53.425495 
53.794814 
53.150475 
56.689155 
55.868755 
57.872736 
57.356896 
56.809669 
56.824168 
56.163859 
54.129133 
54.409051 
53.916059 
55.502385 
55.560147 
54.973068 
54.659379 
54.880801 
54.592177 
55.195854 
55.393408 
54.572540 
54.145544 
55.062485 
55.170463 
54.408171 
55.086532 
55.062075 
55.861358 
56.479644 
56.708193 
54.602985 
55.093011 
55.102077 
54.758736 
55.092228 
55.083032 
55.511204 
55.831320 
55.983178 
56.902764 
57.107465 
57.377744 
56.452893 
56.598333 
56.847602 
57.112426 
56.930009 
57.180663 
55.678801 
56.142538 
56.303466 
52.151198 
53.039249 
52.593921 
52.148312 
52.254136 
53.938055 
53.500088 
54.363412 
54.185797 
54.030191 
52.456289 
52.779044 
53.839712 
53.601113 
53.312173 
53.151461 
53.426892 
52.825947 
58.635394 
58.417973 
58.793817 
58.758673 
58.652085 
58.547005 
58.451474 
58.610597 
58.743489 
58.074797 
58.389912 
58.412617 
58.105127 
58.344630 
58.326192 
57.998840 
58.002064 
58.180374 
57.756000 
57.919549 
57.556332 
56.986822 
57.094488 
58.699776 
58.494134 
58.560619 
57.004318 
57.587689 
55.247360 
56.236649 
56.359158 
55.456900 
56.405082 
52.476519 
53.965014 
49.148824 
50.833966 
50.937317 
49.333578 
51.001197 
54.201071 
52.629448 
54.123594 
51.043335 
49.448711 
51.018205 
50.946958 
49.471261 
50.825005 
54.120094 
52.673413 
54.204353 
56.207759 
55.267524 
55.626639 
55.293934 
53.954524 
54.731593 
54.085821 
52.737813 
53.427190 
53.366436 
51.693797 
52.895092 
50.699194 
49.412813 
50.501788 
50.299407 
49.327333 
50.111430 
51.441618 
50.452539 
51.108124 
49.955582 
49.269860 
49.835987 
49.751506 
49.241761 
49.692483 
52.390811 
50.975590 
51.885756 
57.701067 
56.441217 
57.172010 
57.721713 
57.643671 
54.007260 
55.402498 
52.316303 
53.755746 
54.932047 
57.458965 
57.162118 
55.797091 
56.366983 
56.744385 
56.353553 
56.143513 
57.014207 
56.313833 
55.713373 
56.225766 
55.361261 
54.729334 
55.212017 
54.969420 
54.115181 
54.630372 
54.426930 
53.786748 
54.251074 
53.474776 
52.845013 
53.318680 
53.081967 
52.349878 
52.761749 
53.156209 
52.205542 
52.628601 
52.336643 
51.534713 
51.847757 
51.293162 
50.482616 
50.711193 
53.989818 
53.175879 
53.623412 
52.477303 
51.842122 
52.331171 
51.456470 
50.874693 
51.352387 
51.213042 
50.619543 
51.032871 
50.485791 
49.982850 
50.411348 
49.625581 
49.202967 
49.582038 
49.527930 
49.112752 
49.458747 
50.059793 
49.564629 
49.889580 
49.363222 
48.944048 
49.249705 
49.110105 
48.685027 
48.947452 
50.324736 
49.820512 
50.208554 
49.706070 
49.153515 
49.305302 
49.372810 
48.918984 
49.031444 
48.698940 
48.323460 
48.397224 
49.070543 
48.668371 
48.800062 
48.722520 
48.340173 
48.516203 
48.294047 
47.932262 
48.066312 
47.989595 
47.697405 
47.772696 
47.829665 
47.505031 
47.612607 
47.414268 
47.125328 
47.248721 
48.522596 
48.164650 
48.246632 
52.155493 
50.811789 
51.465480 
51.905088 
51.581781 
49.652903 
50.192606 
49.165549 
49.375507 
49.577393 
51.167613 
50.710888 
49.779692 
49.984540 
50.211484 
50.514527 
50.164456 
50.838851 
58.085368 
58.054702 
58.138193 
57.604200 
57.012329 
57.507337 
57.835595 
56.485318 
57.056904 
56.901573 
56.273263 
56.643942 
56.352339 
55.776898 
56.280597 
55.791435 
55.848814 
55.365304 
55.179190 
57.517769 
56.893469 
57.021449 
54.767611 
55.646909 
52.666803 
53.744900 
53.980060 
53.415141 
54.192137 
50.792305 
51.621126 
50.140603 
50.611756 
51.102727 
53.064666 
52.861708 
53.518065 
51.637559 
52.162125 
52.692256 
53.209709 
52.125338 
51.818541 
52.604692 
55.230177 
55.445706 
55.452033 
55.594234 
55.619565 
55.750819 
56.070632 
54.975530 
54.914875 
55.354049 
53.794473 
54.278052 
54.748680 
55.202098 
56.352740 
56.515913 
55.659432 
56.092885 
56.520050 
55.717526 
55.758136 
56.053225 
55.709586 
54.493545 
55.002910 
55.704312 
55.652665 
54.032743 
54.184002 
53.930573 
54.520897 
54.954581 
55.562303 
55.453149 
55.241361 
55.361172 
55.336511 
54.757802 
55.009296 
55.221841 
47.431581 
43.749878 
45.627687 
47.538683 
47.662473 
40.282614 
41.875054 
38.034554 
39.006633 
40.248248 
40.312786 
41.996025 
47.780194 
47.920384 
44.183908 
44.494359 
46.305044 
48.058713 
48.195233 
43.803006 
43.942662 
45.880406 
36.683379 
37.223005 
35.992364 
36.279421 
36.617337 
36.643763 
37.121047 
35.714726 
35.802624 
35.831147 
35.722492 
35.774050 
35.933416 
35.954898 
36.770041 
37.011315 
37.434781 
36.272812 
36.577979 
36.734377 
37.385596 
37.914735 
38.305683 
35.985668 
36.076513 
36.302270 
48.287407 
48.408866 
45.775298 
46.281321 
47.415001 
48.515575 
48.608645 
42.406414 
43.282326 
44.866911 
39.761616 
40.633770 
41.783141 
44.217715 
45.087949 
46.202583 
48.684443 
48.747036 
47.472771 
47.706846 
48.246719 
48.791757 
48.817863 
46.738923 
47.143872 
47.916079 
37.893943 
37.922512 
37.852133 
38.886237 
40.354486 
38.468950 
38.118282 
39.004786 
40.063298 
41.559731 
42.462597 
44.825651 
43.440167 
45.263038 
46.835267 
39.123124 
40.963661 
40.571863 
36.652777 
36.221860 
38.106245 
37.266412 
37.189082 
37.930578 
37.231363 
40.722207 
39.271837 
43.855688 
42.364656 
41.814037 
42.713869 
41.383635 
38.854533 
39.800611 
38.925043 
41.035060 
41.781097 
40.783684 
40.582370 
41.012911 
40.418981 
38.991951 
40.034299 
38.861366 
45.642546 
45.050621 
45.815860 
45.872803 
45.532550 
45.117327 
45.109722 
45.363895 
45.580490 
45.427657 
45.326558 
45.034870 
44.740749 
44.671115 
44.438958 
43.661313 
43.838801 
44.199573 
43.656628 
43.620343 
42.900825 
42.047598 
42.047434 
45.296969 
44.713891 
44.922519 
40.993790 
40.532080 
40.503898 
41.247759 
40.267560 
40.446303 
39.729203 
38.778470 
39.141691 
41.025508 
39.953562 
40.072027 
40.976666 
40.086069 
39.980756 
39.037259 
38.320613 
38.228323 
37.886907 
37.234714 
37.516743 
37.575037 
37.178937 
37.125565 
36.855644 
36.739661 
36.757571 
39.192204 
38.253069 
38.450822 
44.511656 
44.539655 
44.733873 
43.931515 
43.338836 
43.033838 
43.939608 
41.995036 
42.073053 
42.172718 
42.718635 
42.129221 
42.145072 
41.940711 
41.548148 
43.841873 
43.029585 
43.434707 
48.818626 
48.792108 
47.954337 
47.884123 
48.366981 
48.743388 
48.671488 
46.696598 
46.543802 
47.285043 
44.771804 
44.525591 
45.621434 
46.362970 
46.163013 
46.979443 
48.576400 
48.458072 
47.498786 
47.324904 
47.930540 
48.317623 
48.156946 
47.777853 
47.647958 
48.197882 
42.320332 
41.906648 
43.209281 
39.862086 
39.464232 
40.626595 
41.517461 
41.184249 
42.484813 
37.947117 
37.712842 
38.468148 
36.912340 
36.932851 
37.199293 
37.630938 
37.696558 
38.202691 
40.940082 
40.799862 
41.966513 
38.939152 
39.022785 
39.798012 
40.782675 
40.888827 
41.835066 
39.152653 
38.973878 
39.985917 
47.974188 
47.779708 
46.721790 
46.514523 
47.180112 
47.575479 
47.367950 
45.063248 
44.890059 
45.746992 
42.996981 
42.987943 
43.953413 
44.777219 
44.735650 
45.450748 
47.163978 
46.974567 
46.005125 
45.911571 
46.443817 
46.809763 
46.680808 
46.313171 
46.139299 
46.776784 
44.190655 
43.553040 
43.859858 
45.110026 
45.907719 
43.103304 
43.295709 
42.999484 
44.161543 
45.222417 
46.586422 
47.128824 
46.154230 
46.925359 
47.582365 
44.557309 
45.434370 
45.666922 
36.076920 
37.122921 
36.507298 
36.093362 
36.255524 
38.800821 
37.935787 
40.108862 
39.588175 
38.883647 
39.154546 
38.340355 
36.578491 
37.047289 
37.949254 
38.597049 
37.738118 
37.711299 
38.624155 
37.223416 
37.499474 
36.780860 
39.959598 
40.249256 
38.611346 
39.361965 
39.659120 
39.627338 
40.017620 
37.297310 
37.855039 
36.976375 
37.449187 
38.143599 
39.886134 
40.426637 
40.729571 
39.065556 
40.104328 
41.253695 
42.446213 
38.406593 
38.561818 
39.099334 
40.157794 
42.006794 
42.756983 
44.348198 
43.377862 
44.162104 
45.957323 
43.929279 
45.009768 
44.860593 
43.830320 
44.947818 
45.948185 
46.776602 
47.176998 
47.909214 
47.462445 
47.981651 
48.417414 
45.733616 
46.755153 
46.516678 
40.045538 
40.461198 
40.157775 
39.860799 
39.719517 
41.750719 
41.002456 
42.720125 
42.826977 
42.651477 
39.633690 
39.635556 
42.046340 
41.031482 
39.774646 
40.945391 
41.472371 
40.482208 
45.443765 
43.564622 
45.011178 
45.085385 
44.640762 
37.581586 
40.741015 
31.034708 
34.395685 
36.927568 
36.484107 
39.288224 
44.070937 
43.400013 
41.309319 
40.656372 
42.460784 
42.607640 
41.725213 
42.787498 
42.016225 
43.900002 
25.341488 
27.513733 
23.238973 
24.022220 
24.865656 
24.721781 
26.541333 
22.496903 
22.758266 
22.371084 
22.378004 
22.368023 
22.406535 
22.600888 
24.900013 
25.447428 
27.232366 
23.186935 
23.636747 
24.321056 
26.393395 
27.735298 
29.501603 
22.997568 
22.977012 
23.626866 
40.664633 
39.746820 
38.728349 
38.315537 
39.151897 
38.896955 
38.171599 
36.046911 
36.229578 
37.308230 
32.809461 
33.681090 
35.027888 
36.414139 
36.591983 
37.143744 
37.580750 
37.169956 
37.350763 
37.191162 
37.196244 
36.920719 
36.830140 
37.927359 
37.600469 
37.942833 
30.129525 
29.595198 
29.634508 
33.220104 
35.969751 
30.740471 
29.974465 
31.737934 
33.900681 
35.813508 
38.238753 
39.907484 
37.600026 
39.267716 
40.751978 
32.993011 
35.700082 
35.736312 
22.747868 
22.537049 
23.418117 
23.040560 
22.858137 
23.115743 
22.807396 
24.540663 
23.916204 
26.584633 
25.383038 
24.984219 
25.715987 
24.745411 
23.531071 
24.115716 
23.683169 
24.645979 
25.567608 
24.710966 
24.953292 
26.232444 
25.422566 
23.650477 
24.047160 
23.520709 
31.924805 
28.765502 
40.896643 
36.104962 
35.464355 
39.866597 
35.043767 
48.575169 
46.073473 
50.554532 
49.625939 
49.582023 
50.425501 
49.534439 
45.212552 
48.321272 
45.135320 
49.470875 
50.227809 
49.414591 
49.353045 
49.983749 
49.290701 
45.679363 
48.420491 
45.373947 
28.604650 
32.346777 
29.709565 
35.136538 
40.080604 
35.882092 
36.811203 
41.638621 
37.875898 
45.010900 
48.233000 
45.380209 
49.189975 
49.716165 
49.125051 
49.055946 
49.442143 
48.984547 
46.630523 
48.329284 
46.992776 
48.903552 
49.169626 
48.822581 
48.734033 
48.897264 
48.638451 
45.747799 
48.299316 
46.182313 
27.959672 
34.400011 
30.461717 
27.420383 
27.129097 
44.901275 
39.256367 
48.238388 
44.851822 
39.222178 
27.051040 
27.244418 
34.415275 
30.407460 
27.734110 
34.107103 
34.102997 
29.747491 
36.979230 
37.254474 
37.867591 
38.359325 
37.743866 
37.669581 
38.221782 
39.118592 
39.886881 
39.086414 
40.627009 
41.779251 
40.778763 
40.826023 
41.921956 
40.800389 
38.937810 
39.780831 
40.756246 
41.813464 
40.724056 
40.758278 
41.812161 
39.003852 
39.805584 
38.937640 
42.587385 
44.338500 
43.010385 
45.410988 
46.853310 
45.713794 
45.842889 
46.747429 
45.836213 
47.658385 
48.056526 
47.613727 
48.473033 
48.616492 
48.351162 
48.215863 
48.315171 
48.067363 
47.201323 
47.416568 
46.997929 
47.901025 
47.983659 
47.725021 
47.537365 
47.624851 
47.344067 
47.514229 
47.780439 
47.374555 
42.976259 
43.920726 
44.925917 
45.514446 
44.782197 
44.716951 
45.353087 
46.300462 
46.580453 
46.113321 
47.136117 
47.267212 
46.955045 
46.795552 
46.972578 
46.670462 
45.867857 
46.267952 
46.591864 
46.822584 
46.566096 
46.597138 
46.875740 
45.966332 
46.314683 
45.881957 
43.192921 
45.691244 
44.605297 
43.242473 
43.193714 
46.761450 
46.380789 
46.986521 
46.521711 
45.903978 
43.104549 
43.004999 
45.079315 
44.078969 
42.951040 
45.505880 
45.289737 
44.378522 
22.342620 
22.792884 
22.488134 
22.343699 
22.578702 
23.932288 
23.279231 
26.115419 
24.834632 
24.570992 
25.775467 
24.541436 
23.163831 
24.239168 
24.745301 
26.620368 
25.230824 
26.151649 
29.012309 
23.040447 
23.635205 
22.987353 
31.675494 
28.500258 
39.273150 
35.456845 
34.124396 
36.445349 
33.684237 
47.367329 
44.044695 
48.265165 
47.593039 
46.281567 
38.460296 
40.087945 
38.035758 
44.318089 
42.651719 
41.475688 
40.642089 
41.003319 
42.778923 
39.287169 
32.493329 
34.667494 
35.212170 
36.450362 
35.593174 
36.052296 
36.816865 
37.442848 
38.231201 
37.322993 
39.873787 
39.296854 
38.758672 
38.258100 
37.138780 
37.148721 
37.779938 
37.370831 
37.039066 
37.212498 
37.613509 
37.149551 
27.834217 
33.490949 
30.531617 
27.789251 
28.135766 
37.741214 
36.005127 
38.989200 
37.568211 
36.196405 
28.825718 
29.784556 
34.656078 
32.969874 
31.033045 
33.767803 
34.186291 
31.304927 
51.996805 
57.698180 
54.473449 
51.921367 
51.795275 
65.124610 
61.559954 
68.241847 
67.215259 
65.151192 
64.971065 
61.272601 
51.643407 
51.439300 
57.131079 
56.685473 
53.623825 
51.211433 
50.964656 
57.668396 
57.481459 
54.227288 
69.350757 
68.905870 
70.119617 
69.747244 
69.411798 
69.409631 
68.987280 
70.830862 
70.488019 
71.447746 
71.154821 
70.885095 
70.856661 
70.519540 
69.335213 
69.160415 
68.747061 
70.058904 
69.846406 
69.516161 
68.840308 
68.282769 
67.858282 
70.176757 
70.162505 
69.793508 
50.731035 
50.469769 
54.849977 
53.993294 
51.780274 
50.216012 
49.973645 
60.720072 
59.250108 
56.700846 
65.793858 
64.075469 
61.940687 
57.835692 
56.504028 
54.429952 
49.742606 
49.526755 
51.511092 
50.874290 
50.053176 
49.322854 
49.130074 
53.135081 
52.284727 
50.827007 
68.354952 
68.308628 
68.380952 
67.310253 
64.833767 
67.721190 
68.111319 
67.016962 
65.335200 
62.319578 
60.318677 
56.237919 
58.707898 
55.624364 
52.781132 
66.922248 
63.525537 
64.350315 
71.975305 
71.814583 
71.991545 
72.047030 
72.069107 
71.958609 
71.947618 
71.180059 
71.735370 
68.343606 
70.123439 
70.287928 
68.304185 
70.176043 
71.444276 
70.045276 
70.768739 
69.686518 
66.502098 
68.651999 
66.908307 
62.674913 
64.477789 
71.848634 
71.253780 
71.772878 
62.498877 
65.457039 
56.935090 
59.683838 
59.713163 
57.159919 
59.614543 
52.030679 
54.167122 
50.628859 
50.847075 
51.141817 
54.869018 
53.377237 
55.169376 
51.572274 
52.128418 
52.858372 
53.738252 
54.407209 
52.533836 
54.636209 
60.064124 
59.166571 
59.304888 
58.904539 
58.212736 
58.809331 
58.697978 
58.407127 
58.516339 
56.903294 
56.576632 
57.418508 
54.848936 
55.788918 
56.596681 
57.191532 
58.168969 
57.900922 
58.007057 
57.560343 
57.676794 
57.568041 
57.249167 
57.853858 
57.689791 
58.116845 
65.603023 
59.616277 
62.322705 
65.398012 
64.784513 
55.692113 
57.374546 
54.857622 
56.284475 
57.755017 
63.764371 
62.467956 
59.076971 
60.117321 
61.154275 
59.466708 
59.269444 
61.441636 
48.848305 
48.670365 
49.046541 
48.781736 
48.724108 
48.492579 
48.315367 
49.263697 
48.905719 
48.842114 
49.511389 
49.113135 
48.984756 
48.601772 
48.347108 
48.319422 
48.130290 
47.949530 
48.095415 
47.905960 
47.920088 
47.767718 
47.591167 
48.537526 
48.308109 
48.308880 
50.145437 
49.899421 
49.386542 
52.011014 
52.022472 
50.786669 
49.798195 
49.825110 
49.075519 
54.628646 
54.638083 
53.409950 
56.380807 
55.589434 
54.637641 
53.575109 
49.950774 
50.160612 
49.204006 
52.435745 
51.368423 
50.422164 
49.648591 
52.127577 
52.271815 
50.934396 
47.401275 
47.255516 
47.451680 
47.406948 
47.294455 
47.137964 
47.060266 
47.863467 
47.984490 
47.625875 
48.993838 
48.532239 
48.165744 
47.865711 
47.027232 
47.049727 
47.601497 
47.361983 
47.124774 
47.416612 
47.482080 
47.221487 
48.824711 
48.532263 
48.629994 
48.424856 
48.133653 
48.609851 
48.524526 
48.771651 
48.182015 
47.829011 
47.901692 
47.718086 
47.639268 
47.562533 
47.555245 
48.146397 
47.861759 
47.966145 
71.643062 
71.581109 
71.712287 
71.324796 
70.872602 
69.659935 
71.040419 
62.017143 
66.521061 
67.808220 
65.171535 
68.440770 
70.261499 
69.521806 
68.688458 
66.870164 
68.702466 
68.567016 
67.228843 
70.946643 
70.002212 
70.652000 
58.432948 
59.025839 
58.006497 
58.215385 
57.576130 
56.564722 
56.801798 
57.350729 
57.722669 
56.891279 
56.204810 
55.208984 
55.207969 
53.535700 
54.408251 
53.945816 
52.705155 
51.692129 
51.039793 
57.093531 
55.727369 
56.190864 
64.548773 
60.898357 
57.379381 
55.756458 
57.817404 
57.546932 
54.672704 
53.745748 
51.773609 
53.695897 
50.623596 
50.404967 
50.208263 
49.996238 
51.699174 
50.117906 
49.751739 
49.522334 
49.310515 
53.379261 
51.055983 
52.648469 
59.180458 
56.144274 
57.319451 
60.013837 
61.307332 
53.885126 
55.113559 
52.232395 
53.733606 
55.075999 
62.739370 
63.873950 
56.734858 
60.229788 
64.559826 
55.830766 
56.052475 
58.027831 
