-1.456235
1.659199
-0.506506
1.594949
0.408693
0.424545
0.86667
1.697553
-0.242586
0.677035
-0.614321
-0.076888
-1.099322
0.329821
1.207563
-0.99767
-0.489771
-2.218722
3.001312
0.436829
1.655308
0.266293
-0.306458
0.518168
-3.132951
0.842487
1.759839
-0.97686
-0.061315
2.893015
-0.230549
0.720926
-0.10692
3.009823
1.463892
0.218634
-0.053193
1.395511
-0.487643
3.163613
-0.066575
0.071431
-0.500277
-1.727694
0.11871
-0.942378
2.324947
0.542322
-1.009017
0.2494
-0.948818
-0.464599
-0.65488
-0.266887
-3.692286
2.145706
0.306768
0.438468
-0.695857
-1.6325
0.693855
-0.618424
-0.624902
-1.135124
-0.561329
0.412873
0.459362
-0.183242
0.639931
3.11995
0.199699
-1.645098
2.273547
-2.421673
-1.366384
1.18519
0.554142
-0.839282
0.110593
-0.491464
0.54877
-1.995905
0.154623
-0.836733
-1.663107
0.64068
2.509807
-0.951282
-0.153412
-0.613161
-1.133053
0.540319
0.449732
0.789261
0.536341
-0.804906
1.453812
1.399557
-0.628213
-0.595867
3.859777
1.123982
-0.149614
0.344986
-3.824276
1.618882
-1.842047
1.97067
1.111462
-1.088079
0.961288
1.529263
0.567322
0.149064
-0.969294
-1.301
-3.526151
3.81654
-0.717834
-0.895211
1.351408
0.833598
3.700615
0.190047
-0.162569
-0.891229
1.602168
-1.174882
0.384324
0.07049
0.820706
-0.953407
1.336099
1.977269
1.861901
0.799884
2.809657
1.723965
1.068823
0.697268
0.173183
0.634573
-1.738444
0.276088
0.647755
-1.926322
-0.602498
-0.478548
-2.672362
-0.884015
-2.139354
-0.493416
-0.905526
0.392055
1.01445
-0.143339
-0.712518
1.088331
-0.714079
-1.247551
-1.275751
-0.228803
0.620115
0.417195
-0.515628
0.716731
0.63434
-0.812804
1.985298
-0.304227
0.818053
0.205769
3.149838
1.819103
-0.510935
0.24968
0.731787
-0.043601
-1.005081
1.535962
0.404186
0.422425
1.009613
-0.68885
0.719087
-0.021504
1.963675
0.975175
0.024523
0.637977
1.836805
0.53531
0.21411
-0.192154
0.493606
-1.167532
1.010592
-2.274814
-0.800566
-0.621845
-1.375207
1.082143
2.93809
-1.870375
0.524112
-1.993228
0.98497
-0.666551
3.353884
-0.942929
-0.151295
1.511428
0.29475
-0.666413
0.148615
-0.938959
1.523416
-1.706986
-0.368904
0.324277
-0.923349
-2.841387
-0.116619
-0.888165
-1.38542
1.343702
0.970883
-1.358269
0.454282
1.167324
-0.959148
0.577901
1.927813
-1.27175
0.670634
0.192679
1.031802
-2.952394
-0.279998
-3.678206
-3.90164
0.151297
-0.478775
-0.414455
0.494753
-0.530595
-0.94164
-0.061633
-1.447578
-1.634188
1.291193
-0.771864
-2.014041
-0.885316
0.854361
-0.349952
-1.072774
0.898237
0.377609
1.715335
-2.479024
-1.605966
2.467088
0.094699
-1.777424
2.525347
0.984031
-0.602595
-0.784223
-0.229417
-0.166705
0.29979
-1.4353
-0.493602
1.952029
-0.410772
-0.154569
-0.09284
1.003304
0.145757
0.073522
0.079904
-0.797199
1.812665
0.780348
2.726972
-0.387997
-0.283031
-0.693771
3.857488
-0.050701
-1.747357
0.926996
0.973798
-1.122253
-3.506952
-1.704855
-0.602917
-0.71644
-2.108666
0.017789
-1.454181
1.411743
-0.830087
-0.395424
0.342795
3.093208
0.070238
1.832185
-0.912009
0.355111
-0.773163
0.481547
-0.203457
-0.405898
-0.87129
1.756321
0.193297
-1.095028
0.498179
2.453178
-1.351545
-0.100675
2.125795
1.661972
0.816375
-3.590556
-0.53175
0.179676
0.93748
0.533059
-1.910932
-0.801687
1.877419
-0.502951
2.746163
1.705013
-1.635992
0.368088
-3.965315
-0.755601
1.467547
-0.251581
-0.965384
-0.510717
0.05656
-3.068951
-0.538536
-1.147068
1.158557
-1.798622
-0.00308
-1.858128
1.141839
-3.02224
0.53065
-0.042912
-2.74915
-0.786973
-0.740491
0.091797
-0.326688
1.280573
-0.48073
1.946964
0.717602
-0.154126
-0.808065
0.31945
0.830611
0.953134
-0.480282
2.31549
-1.013849
-1.385591
-0.042058
2.08915
1.56061
-2.842784
-3.550687
2.471293
-1.222071
0.846192
3.012408
0.832481
0.382804
0.90361
0.493071
-1.228451
-1.828563
-0.761302
3.417102
-1.212115
3.660315
-0.620441
-1.421259
0.08883
0.191694
1.688
-1.80305
-1.057708
-1.066839
1.625477
-0.496614
0.545262
-0.985245
-1.986198
0.842
-1.391183
0.612826
-0.447562
0.326691
1.528619
0.11127
-1.521285
1.860933
-1.332555
-3.409648
-1.755808
-0.633386
1.841067
0.260868
1.191335
1.899688
1.160081
-0.334607
-1.89316
0.797924
-3.627427
-1.493611
1.466952
-2.216971
0.631596
1.134016
3.624126
0.09375
1.051529
1.616017
-1.590945
1.781089
3.886244
1.865531
-2.156413
-0.37554
0.408505
1.113812
-1.609728
-0.952825
0.459108
-0.619136
0.490975
-0.461803
-1.221977
-0.425733
-1.476262
1.726075
-1.31153
-0.394509
2.747988
-1.086107
0.982966
0.821203
0.501015
1.088176
-2.70125
0.966125
-1.511312
-1.032699
-0.573955
-0.060647
1.80124
-1.691621
0.279235
2.320804
0.587491
1.481439
1.175844
-0.350152
-1.329057
-0.540562
-0.941583
-0.292424
-0.169967
0.064353
-0.422155
-3.287623
1.526767
0.652703
-1.026565
-2.197765
-0.683829
1.140644
1.087473
1.205533
-3.638756
-1.888804
0.29851
-1.594598
1.471533
-0.534672
-2.280168
3.627291
0.850076
1.89549
1.612335
0.868691
0.85488
-0.238142
-0.177154
0.463256
-0.147119
1.859936
-1.992142
0.06689
0.023847
-0.224911
-1.087316
-3.312652
3.031726
-3.489255
-0.412814
