-1.403821
-0.207932
-0.355723
-0.215436
0.667933
0.804835
-1.507814
0.341845
0.493549
-2.731511
-3.991015
3.115529
1.757995
1.594537
-0.139893
-1.265641
3.507773
1.70525
-1.116076
-1.21155
-1.798436
0.573041
2.384544
-0.867788
0.653924
2.52115
-0.135794
-0.44837
0.633676
1.628606
-1.559066
0.220502
-1.355251
-3.051229
1.961542
0.016686
0.300627
-0.410228
-0.194414
-1.569694
-1.608675
-0.135038
2.408328
0.737058
-2.777012
-0.483
-0.13095
-0.231641
-0.89441
-1.405788
1.060198
0.926159
1.884231
-2.09765
1.34667
0.732368
-1.675896
0.099503
-1.301556
-0.927637
0.099032
1.096328
-1.249146
-0.290447
0.454762
1.506712
1.647243
-0.307918
1.394708
-0.789357
2.136704
1.205307
-0.002148
-3.991107
0.517337
-1.028099
0.651258
-0.050659
1.12543
-3.843543
0.843701
3.700755
1.682061
1.994808
-0.613062
-0.217186
-0.754035
-1.95177
-0.344126
1.019272
-3.717857
-0.641961
1.120002
1.389049
-1.212084
-0.299863
-0.15472
-0.70864
0.564569
1.320099
-0.74163
-0.252941
0.017734
1.490622
-0.756981
1.016426
-3.399987
-2.489677
0.59189
0.988404
-0.05156
-0.742497
-1.143713
-3.068436
-1.97342
0.83289
-0.485459
0.557765
2.099176
-1.854414
-0.133399
-0.365299
1.32839
-2.61414
-0.860119
2.929923
-1.029833
-0.792687
-2.974184
-0.572553
-0.062468
0.406597
2.418779
2.82596
0.344301
-1.128883
1.815465
2.814498
1.879127
-0.78869
2.12404
1.93796
-0.085969
-0.574434
-0.812944
-0.539021
-2.045061
0.256429
0.025676
-0.125195
-1.452684
-1.104666
0.800286
0.093421
1.471438
0.494288
2.961245
-1.79696
0.659687
-2.915739
-0.556181
-2.214567
-1.897947
0.711935
1.726796
0.902781
-1.90219
-1.650338
2.035157
1.733958
0.203129
-0.518661
0.058028
0.104271
-3.173806
1.858722
1.636772
-0.890679
0.855584
1.021655
-3.028508
0.028761
-3.817801
-3.868171
-0.611809
-0.950033
0.749925
1.768036
1.253929
-0.302337
-2.965539
-1.128253
0.020126
3.353577
3.058939
0.882062
0.645752
0.317496
-0.124424
-0.161451
-2.852755
0.347307
0.948435
-2.510514
-1.178305
0.356834
0.938016
-1.839326
2.7915
1.244803
0.212683
1.316884
-0.376018
1.594293
0.47009
0.241125
-0.294391
0.040498
-1.763558
-2.039147
2.66009
0.662744
-2.701401
-2.458457
0.113573
-0.25334
-2.935155
0.374286
0.57074
-1.718442
-0.03353
-0.546066
0.4817
-3.161679
-0.480226
1.662357
-0.521504
0.116128
0.140621
1.244711
-1.887004
-0.651541
1.615034
0.172996
-1.970202
0.244378
0.907047
1.004313
1.802339
0.348519
1.080195
-0.08547
-1.098218
2.557037
-1.23161
0.879515
0.038152
-0.447252
-0.983015
-1.065092
1.752559
-1.310727
1.729171
1.783917
1.481565
-1.511889
-0.435654
0.145609
3.513678
-0.832667
-3.947666
1.050252
-1.598678
1.055544
0.521397
0.901026
0.965759
-0.076114
0.512525
0.372509
3.29868
0.529062
2.569333
3.058568
0.7178
3.91183
0.379567
-0.01733
-1.972017
2.160003
-0.351695
1.076007
0.798713
1.570979
0.737861
-3.81031
1.963159
0.965583
1.376666
-0.893486
0.195455
-0.727763
-0.506467
0.962375
-0.034979
-1.318658
0.629734
-0.723876
0.400342
2.55206
0.864384
1.296266
-1.015921
1.477765
-1.52122
-0.666856
-0.827804
-0.16315
0.994218
1.521255
-3.307474
0.780303
1.446933
0.707094
0.263458
0.879146
2.900365
0.972175
-3.893371
0.702256
-2.595674
-0.733903
-2.613732
1.007301
0.837644
0.663691
0.488697
1.219044
-3.225573
-0.255182
-0.874784
-3.735935
0.303118
2.279374
-0.815105
-0.528263
2.226521
0.754696
1.506975
-3.056055
0.425902
0.72447
-2.977789
0.911356
-0.932053
0.324365
0.523513
-0.484371
0.7117
1.380207
0.047463
2.579603
0.221562
-0.483839
-1.954411
0.268485
-1.146821
-1.797246
0.264769
-1.781427
-1.65121
-3.316092
1.070858
1.187797
-1.877461
0.166143
1.135204
-0.19429
-1.476615
2.81705
-1.365129
-0.574678
2.129032
1.544782
-1.174545
-3.809604
0.249833
1.920792
0.633489
-0.186421
-0.957119
1.20678
1.2994
0.231203
-3.35222
0.119052
0.685086
-0.236692
0.764937
-0.821435
0.858641
-1.5575
-0.3281
1.844073
0.442938
-1.84139
1.925398
1.541621
1.592379
-1.91277
1.222026
1.670469
0.581336
-0.866503
0.031079
1.60578
-2.528382
2.48391
-3.655024
0.216889
-1.803385
0.16782
-0.126814
3.58414
-0.002802
3.309133
0.266098
2.845553
-1.079484
-0.497547
-1.015332
-0.999452
0.814185
2.707419
0.852692
2.985755
0.514618
-1.256447
3.749914
0.3615
0.787358
-1.025823
0.088289
0.042607
0.139809
2.211769
-3.790526
1.148332
-0.945855
-0.585283
0.652019
0.337052
1.012217
0.729515
0.94559
-0.96392
-0.555555
0.448954
1.950243
3.759193
-1.440996
-0.754211
-0.764956
1.652689
-0.257624
-2.177515
-0.655659
0.455566
0.101564
-1.292804
0.797261
-0.219989
-0.305751
-0.871827
0.656408
0.570808
1.460796
1.768635
-0.908125
-0.767429
-0.98578
3.968173
-0.148878
-0.488815
0.805049
-0.557986
2.804928
1.570811
-1.055695
3.967624
-0.885649
2.464287
0.41342
2.639214
-0.935076
-1.379145
-1.545271
1.341246
0.272081
3.969133
0.264984
0.266927
2.894731
0.444104
-1.427505
0.577599
3.208412
-1.996296
-0.976697
0.704444
-0.986002
0.561145
-0.729697
-1.140675
-0.263209
-0.568063
-0.959875
-1.892629
-0.364595
-0.415397
-1.844238
