-0.515647
3.077668
-1.970161
0.600131
0.741777
0.279493
1.575845
-1.445031
-1.150099
0.44196
1.909934
-0.686177
-0.465875
-1.752473
-0.365861
-0.644546
0.633595
-3.948241
-1.490523
0.065784
-2.53653
-0.898565
0.59928
1.116693
0.200464
1.344002
0.287326
-0.702508
-0.26472
-1.788111
1.581963
1.420877
0.797254
-3.019417
0.066553
0.407391
0.079241
1.63278
-0.580301
-2.920718
-0.446881
1.876078
0.372231
-0.186007
-1.37928
1.778515
1.558041
0.408043
-0.372548
-0.790811
-2.977193
1.160354
3.702814
0.659024
0.504299
-0.670341
0.539045
1.928372
-0.547243
-1.139678
0.238885
0.788786
2.821433
-1.910734
2.244793
1.790747
-1.33929
-1.999045
0.738635
0.748276
-0.121793
1.82531
1.224034
3.310705
-2.200786
0.6184
1.700932
3.798368
-0.873195
-1.178743
0.427668
-0.477055
-2.720182
-0.416537
0.572413
-0.165513
0.048676
-0.43249
-2.309857
0.983081
-0.531004
-0.738618
-1.427687
-2.040755
-0.577181
0.099836
0.317064
-0.21557
1.148506
0.162854
0.045361
-3.800996
-0.168418
-0.1998
-0.132078
-1.153121
-0.621325
-0.080251
-1.637958
-0.863941
3.179756
-1.061173
-0.667025
0.105241
0.489672
-0.392214
-0.636014
0.94712
-1.539497
-0.72559
-0.839229
-2.367407
1.420782
-1.691655
-0.44328
0.436216
1.760711
0.727212
0.745493
-1.311468
1.494654
3.111449
1.386564
-0.905478
0.425763
0.009774
1.585612
1.11244
-0.804013
-3.944103
1.072103
-2.711434
1.930001
0.81116
-0.309665
-1.016357
0.923591
0.200083
0.417196
-0.371628
-0.710986
-2.826539
0.672433
0.032225
0.986564
0.582792
0.295142
0.179863
-0.725961
-2.844599
-1.30977
-3.978104
-1.943531
-0.96656
1.602467
0.298202
-0.29006
0.916861
-0.094436
1.190113
0.674751
0.190635
1.196834
0.833851
-0.787053
0.348629
-1.734161
-0.859607
-1.121441
-2.808961
-1.530881
-1.13135
-1.929741
-1.176203
-0.436413
-0.113198
1.382057
-2.873312
-0.064949
-1.127319
-2.098984
-3.270016
-1.637826
-0.081185
0.35025
-0.772821
-0.279491
-3.541726
-0.036157
0.158087
-0.076242
-0.235991
1.466664
-0.422822
1.764667
0.167046
-0.109533
-1.129498
-0.520797
0.70374
0.831473
3.720553
0.259217
-1.82127
-1.882659
1.56644
2.361942
-0.260512
-1.015777
-1.198321
1.99464
3.39683
1.172056
-0.791101
-1.711687
0.687156
0.983439
0.698094
-0.866836
1.240275
-0.777347
-2.997604
0.87987
-0.836401
-0.762455
1.855675
0.122864
-0.012439
-0.734173
0.549297
-0.131258
-0.419707
0.525234
-2.018817
1.31339
0.403407
1.259323
-1.545387
-3.701983
3.181895
1.527938
3.082268
1.830422
-0.237723
1.917416
3.412653
3.415437
-2.657578
2.487797
0.111941
3.916461
-0.455907
0.027044
0.198438
-1.999838
-0.046764
1.982991
0.930968
0.046836
1.085841
-0.14593
0.040262
-1.064183
-1.88137
-0.829063
-0.415957
-0.428749
-1.745805
-1.822609
-1.059221
0.176845
-0.659824
-0.352781
0.378007
-0.690301
-0.865403
1.522907
0.347054
-2.84381
-0.173688
-0.347389
0.844025
-0.289561
-1.324901
-0.420162
0.124788
-0.370058
3.266189
-0.234991
-1.499845
-2.457228
1.601972
-0.817072
0.200351
1.977374
-2.387214
0.236995
-1.70322
0.22921
0.720782
-0.679853
-2.241483
-2.255653
1.130955
-2.309794
1.849991
-0.033034
0.965247
-3.456869
-0.39143
-2.566919
0.140649
1.206542
-0.768958
-1.314721
-0.589188
1.579893
-0.1567
-0.514631
-0.346153
-0.711333
-1.133864
-1.880062
-0.738713
1.22976
1.70514
-1.470067
-1.661302
1.193606
-3.601271
-0.397476
0.431843
1.280665
0.908961
0.501115
1.453216
-0.237329
-0.992712
-0.047071
0.554564
0.003731
0.528462
1.788807
0.244297
-1.884153
1.182109
-0.35029
0.435765
0.516773
-0.322244
-3.413493
0.68435
-0.35242
1.129809
1.626064
2.286341
0.127285
0.926917
-0.093672
0.85361
0.5828
-1.359722
-1.383006
-1.87355
0.29055
-1.944723
-0.283424
-3.230672
0.474309
-0.860266
-0.183247
-1.390734
0.493361
-2.100758
-2.223178
0.34457
1.258964
-1.022005
0.638405
0.589349
0.414124
-1.628181
2.535338
-1.504524
-0.01129
-0.532627
0.831437
1.88469
0.141244
1.224395
0.798873
3.997325
-3.915201
0.882591
-0.004035
-0.671537
-1.057146
-0.256968
-0.04273
-0.625447
0.277906
0.243277
-1.90362
-0.50336
3.31243
1.587139
-1.389346
-0.950433
0.66788
2.525917
0.205105
0.099682
-1.109586
1.028647
1.488242
-3.576551
-0.108484
0.829432
-1.957668
0.03622
0.645027
-0.742967
-0.478177
-0.710268
-1.855558
0.33406
-0.128141
0.624845
0.255715
0.552374
0.101184
2.734332
0.856258
0.68243
-0.390493
-1.024894
0.475438
-1.091906
1.088042
-0.009235
0.57299
-1.113719
-1.477075
-1.226848
-1.007434
-0.499447
0.680851
-0.092025
0.291729
-0.326209
-0.830768
3.225904
-0.200981
-2.084948
1.006744
-0.233261
-0.948106
2.137524
-1.157842
-1.462754
-3.717826
-0.251247
-0.838822
1.125038
-0.192998
3.523081
-0.116454
0.546113
-1.565476
-2.954695
0.573954
-0.971649
2.117682
-1.921339
0.600121
0.550816
-0.742632
0.336328
0.567972
-1.925208
-0.860359
-1.518085
-1.073113
-0.354987
0.331065
-0.410038
-3.021436
3.950248
1.526593
0.170746
-0.267243
0.2657
0.676344
-0.953042
1.419752
-0.818169
1.321301
-0.478507
2.744742
-0.904955
-0.037906
-1.300731
-0.93972
0.517919
0.975898
-0.942748
-0.287726
0.84399
0.30927
0.125425
0.66934
