0.0
0.0
0.406429
0.406429
0.0
-0.406429
-0.406429
0.0
0.501202
0.843275
0.917615
0.700618
0.26118
-0.26118
-0.700618
-0.917615
-0.843275
-0.501202
0.0
0.521204
0.963059
1.258298
1.361971
1.258298
0.963059
0.521204
0.0
-0.521204
-0.963059
-1.258298
-1.361971
-1.258298
-0.963059
-0.521204
0.0
0.519758
0.993334
1.378647
1.641462
1.758425
1.719145
1.527111
1.199387
0.765091
0.262815
-0.262815
-0.765091
-1.199387
-1.527111
-1.719145
-1.758425
-1.641462
-1.378647
-0.993334
-0.519758
0.0
0.507665
0.985827
1.406696
1.745812
1.983469
2.105854
2.105854
1.983469
1.745812
1.406696
0.985827
0.507665
0.0
-0.507665
-0.985827
-1.406696
-1.745812
-1.983469
-2.105854
-2.105854
-1.983469
-1.745812
-1.406696
-0.985827
-0.507665
0.0
0.488562
0.957122
1.386497
1.759109
2.059703
2.275972
2.399063
2.423936
2.349573
2.179017
1.919253
1.580914
1.177853
0.72657
0.245541
-0.245541
-0.72657
-1.177853
-1.580914
-1.919253
-2.179017
-2.349573
-2.423936
-2.399063
-2.275972
-2.059703
-1.759109
-1.386497
-0.957122
-0.488562
0.0
0.464165
0.914227
1.33651
1.718184
2.047652
2.314903
2.511817
2.63241
2.67302
2.63241
2.511817
2.314903
2.047652
1.718184
1.33651
0.914227
0.464165
0.0
-0.464165
-0.914227
-1.33651
-1.718184
-2.047652
-2.314903
-2.511817
-2.63241
-2.67302
-2.63241
-2.511817
-2.314903
-2.047652
-1.718184
-1.33651
-0.914227
-0.464165
0.0
0.435534
0.86086
1.266008
1.641482
1.97848
2.269105
2.506544
2.685232
2.80098
2.851076
2.834345
2.751179
2.603528
2.394852
2.130043
1.815308
1.458023
1.066563
0.650105
0.218408
-0.218408
-0.650105
-1.066563
-1.458023
-1.815308
-2.130043
-2.394852
-2.603528
-2.751179
-2.834345
-2.851076
-2.80098
-2.685232
-2.506544
-2.269105
-1.97848
-1.641482
-1.266008
-0.86086
-0.435534
0.0
0.403471
0.799425
1.180488
1.539561
1.869955
2.165514
2.420735
2.630862
2.79198
2.90109
2.956157
2.956157
2.90109
2.79198
2.630862
2.420735
2.165514
1.869955
1.539561
1.180488
0.799425
0.403471
0.0
-0.403471
-0.799425
-1.180488
-1.539561
-1.869955
-2.165514
-2.420735
-2.630862
-2.79198
-2.90109
-2.956157
-2.956157
-2.90109
-2.79198
-2.630862
-2.420735
-2.165514
-1.869955
-1.539561
-1.180488
-0.799425
-0.403471
0.0
0.368665
0.731741
1.083725
1.419281
1.733321
2.021087
2.278215
2.500807
2.68549
2.829463
2.930545
2.987203
2.998577
2.964496
2.885477
2.762717
2.598076
2.394052
2.153736
1.880771
1.579296
1.253881
0.909458
0.551249
0.184683
-0.184683
-0.551249
-0.909458
-1.253881
-1.579296
-1.880771
-2.153736
-2.394052
-2.598076
-2.762717
-2.885477
-2.964496
-2.998577
-2.987203
-2.930545
-2.829463
-2.68549
-2.500807
-2.278215
-2.021087
-1.733321
-1.419281
-1.083725
-0.731741
-0.368665
0.0
0.403471
0.799425
1.180488
1.539561
1.869955
2.165514
2.420735
2.630862
2.79198
2.90109
2.956157
2.956157
2.90109
2.79198
2.630862
2.420735
2.165514
1.869955
1.539561
1.180488
0.799425
0.403471
0.0
-0.403471
-0.799425
-1.180488
-1.539561
-1.869955
-2.165514
-2.420735
-2.630862
-2.79198
-2.90109
-2.956157
-2.956157
-2.90109
-2.79198
-2.630862
-2.420735
-2.165514
-1.869955
-1.539561
-1.180488
-0.799425
-0.403471
0.0
0.435534
0.86086
1.266008
1.641482
1.97848
2.269105
2.506544
2.685232
2.80098
2.851076
2.834345
2.751179
2.603528
2.394852
2.130043
1.815308
1.458023
1.066563
0.650105
0.218408
-0.218408
-0.650105
-1.066563
-1.458023
-1.815308
-2.130043
-2.394852
-2.603528
-2.751179
-2.834345
-2.851076
-2.80098
-2.685232
-2.506544
-2.269105
-1.97848
-1.641482
-1.266008
-0.86086
-0.435534
0.0
0.464165
0.914227
1.33651
1.718184
2.047652
2.314903
2.511817
2.63241
2.67302
2.63241
2.511817
2.314903
2.047652
1.718184
1.33651
0.914227
0.464165
0.0
-0.464165
-0.914227
-1.33651
-1.718184
-2.047652
-2.314903
-2.511817
-2.63241
-2.67302
-2.63241
-2.511817
-2.314903
-2.047652
-1.718184
-1.33651
-0.914227
-0.464165
0.0
0.488562
0.957122
1.386497
1.759109
2.059703
2.275972
2.399063
2.423936
2.349573
2.179017
1.919253
1.580914
1.177853
0.72657
0.245541
-0.245541
-0.72657
-1.177853
-1.580914
-1.919253
-2.179017
-2.349573
-2.423936
-2.399063
-2.275972
-2.059703
-1.759109
-1.386497
-0.957122
-0.488562
0.0
0.507665
0.985827
1.406696
1.745812
1.983469
2.105854
2.105854
1.983469
1.745812
1.406696
0.985827
0.507665
0.0
-0.507665
-0.985827
-1.406696
-1.745812
-1.983469
-2.105854
-2.105854
-1.983469
-1.745812
-1.406696
-0.985827
-0.507665
0.0
0.519758
0.993334
1.378647
1.641462
1.758425
1.719145
1.527111
1.199387
0.765091
0.262815
-0.262815
-0.765091
-1.199387
-1.527111
-1.719145
-1.758425
-1.641462
-1.378647
-0.993334
-0.519758
0.0
0.521204
0.963059
1.258298
1.361971
1.258298
0.963059
0.521204
0.0
-0.521204
-0.963059
-1.258298
-1.361971
-1.258298
-0.963059
-0.521204
0.0
0.501202
0.843275
0.917615
0.700618
0.26118
-0.26118
-0.700618
-0.917615
-0.843275
-0.501202
0.0
0.406429
0.406429
0.0
-0.406429
-0.406429
0.0
