-39.397275
-39.384844
-39.537547
-39.545156
-39.407438
-39.280845
-39.265403
-39.369726
-39.558035
-39.702056
-39.738087
-39.655686
-39.499043
-39.341555
-39.228294
-39.165438
-39.157074
-39.222048
-39.352151
-39.544538
-39.728651
-39.856705
-39.904128
-39.864621
-39.74763
-39.585923
-39.425848
-39.299095
-39.209853
-39.148098
-39.10734
-39.092185
-39.117553
-39.201992
-39.33301
-39.517884
-39.711462
-39.876439
-39.988889
-40.04024
-40.027891
-39.951522
-39.820664
-39.660823
-39.505517
-39.379182
-39.28752
-39.222172
-39.171595
-39.128652
-39.092764
-39.069224
-39.068228
-39.103846
-39.19032
-39.313816
-39.483922
-39.672508
-39.850434
-39.994206
-40.092781
-40.144297
-40.148338
-40.102643
-40.00751
-39.87287
-39.719969
-39.574345
-39.454881
-39.367349
-39.306145
-39.260805
-39.221937
-39.18411
-39.146107
-39.109982
-39.080105
-39.062891
-39.067158
-39.104041
-39.184575
-39.296538
-39.446733
-39.620879
-39.797421
-39.955087
-40.079919
-40.167066
-40.21706
-40.230449
-40.205295
-40.13938
-40.035134
-39.903232
-39.761595
-39.629721
-39.52172
-39.442338
-39.387771
-39.349615
-39.319042
-39.28943
-39.257238
-39.221734
-39.184213
-39.147173
-39.11378
-39.087863
-39.074418
-39.080261
-39.114029
-39.184466
-39.283225
-39.410353
-39.563384
-39.727691
-39.886123
-40.024191
-40.133485
-40.211655
-40.259584
-40.277975
-40.265636
-40.220451
-40.142306
-40.036027
-39.912337
-39.78589
-39.671115
-39.577962
-39.509692
-39.463446
-39.432698
-39.410029
-39.389125
-39.365733
-39.337805
-39.305166
-39.268983
-39.231181
-39.19395
-39.159472
-39.129955
-39.108014
-39.097279
-39.102908
-39.13153
-39.190067
-39.27547
-39.378553
-39.506536
-39.650522
-39.798286
-39.937339
-40.057916
-40.15451
-40.225462
-40.271166
-40.292054
-40.287517
-40.256268
-40.197908
-40.114801
-40.013186
-39.9028
-39.794936
-39.699684
-39.623517
-39.568227
-39.53143
-39.508109
-39.492378
-39.478863
-39.463479
-39.443697
-39.418481
-39.388037
-39.35348
-39.316472
-39.278856
-39.242374
-39.208506
-39.178502
-39.153629
-39.135589
-39.126987
-39.131661
-39.154595
-39.201141
-39.273935
-39.354102
-39.456043
-39.575028
-39.703376
-39.831922
-39.951921
-40.056637
-40.142033
-40.206451
-40.24962
-40.27157
-40.272012
-40.250437
-40.20688
-40.142938
-40.062539
-39.972005
-39.879261
-39.792351
-39.717795
-39.659371
-39.617708
-39.590729
-39.574614
-39.564882
-39.557272
-39.548297
-39.535498
-39.517476
-39.493814
-39.464912
-39.431795
-39.395895
-39.358818
-39.322121
-39.287137
-39.254878
-39.226055
-39.201226
-39.181059
-39.166659
-39.15988
-39.163506
-39.181162
-39.216832
-39.278137
-39.338164
-39.415735
-39.508737
-39.612932
-39.722493
-39.830967
-39.932327
-40.021795
-40.096183
-40.153743
-40.193709
-40.215771
-40.219762
-40.205669
-40.173961
-40.126064
-40.064763
-39.994295
-39.920017
-39.847683
-39.782506
-39.728301
-39.686954
-39.65835
-39.640712
-39.631192
-39.626503
-39.623446
-39.619273
-39.611877
-39.599861
-39.582517
-39.559768
-39.532076
-39.500332
-39.46573
-39.429629
-39.393398
-39.358282
-39.325287
-39.295122
-39.268205
-39.244758
-39.224954
-39.209133
-39.19802
-39.192905
-39.195736
-39.209043
-39.235647
-39.286654
-39.341451
-39.415589
-39.506987
-39.610741
-39.71983
-39.82645
-39.92345
-40.005323
-40.068492
-40.111006
-40.13201
-40.131428
-40.110028
-40.069836
-40.014565
-39.949695
-39.881954
-39.818232
-39.764255
-39.723506
-39.696762
-39.682343
-39.676878
-39.676236
-39.676348
-39.67376
-39.665926
-39.651293
-39.629277
-39.600167
-39.564987
-39.525326
-39.483129
-39.440452
-39.399213
-39.360969
-39.32677
-39.297138
-39.27219
-39.251897
-39.236435
-39.226544
-39.223811
-39.230751
-39.250588
-39.2977
-39.347136
-39.416934
-39.504896
-39.605248
-39.709604
-39.808786
-39.894657
-39.961243
-40.004953
-40.024287
-40.019597
-39.993197
-39.949636
-39.895639
-39.839296
-39.788507
-39.749192
-39.724034
-39.712256
-39.710373
-39.713481
-39.716508
-39.715118
-39.70619
-39.687987
-39.660124
-39.623438
-39.579779
-39.531726
-39.482227
-39.434172
-39.389983
-39.3513
-39.318879
-39.292757
-39.272673
-39.258641
-39.251526
-39.253404
-39.267523
-39.309898
-39.35455
-39.419845
-39.503082
-39.597218
-39.69227
-39.777795
-39.845189
-39.888945
-39.906982
-39.900623
-39.874545
-39.836386
-39.795461
-39.760542
-39.737481
-39.72781
-39.728913
-39.735483
-39.741371
-39.741104
-39.730763
-39.708343
-39.673761
-39.628675
-39.576148
-39.520146
-39.464877
-39.414068
-39.370339
-39.334922
-39.307859
-39.288681
-39.277342
-39.275047
-39.284597
-39.322976
-39.363777
-39.424918
-39.502543
-39.58775
-39.668847
-39.734827
-39.778243
-39.796673
-39.793005
-39.774723
-39.751928
-39.734129
-39.726969
-39.730587
-39.740373
-39.749316
-39.750507
-39.738867
-39.711962
-39.670162
-39.616386
-39.555495
-39.493337
-39.435525
-39.386265
-39.347682
-39.320024
-39.302747
-39.295974
-39.301554
-39.338113
-39.376013
-39.433623
-39.504965
-39.578696
-39.642042
-39.685753
-39.707357
-39.711653
-39.708344
-39.707387
-39.714138
-39.727139
-39.739617
-39.74311
-39.730825
-39.699602
-39.650517
-39.5885
-39.521102
-39.456563
-39.401619
-39.360017
-39.332615
-39.31909
-39.320088
-39.357732
-39.393494
-39.448349
-39.51291
-39.573436
-39.618861
-39.646674
-39.663167
-39.677752
-39.695284
-39.712304
-39.719617
-39.708049
-39.673158
-39.617202
-39.548501
-39.478654
-39.41849
-39.374737
-39.349638
-39.34357
-39.384691
-39.41897
-39.472159
-39.529956
-39.578593
-39.614478
-39.643024
-39.667474
-39.681362
-39.672996
-39.635641
-39.573792
-39.50206
-39.438057
-39.394382
-39.376187
-39.421091
-39.455044
-39.508422
-39.560689
-39.602144
-39.628967
-39.628877
-39.591104
-39.525544
-39.46052
-39.422058
-39.467186
-39.504033
-39.555606
-39.578002
-39.54472
-39.485753
-39.520874
