0.0
0.469303
0.234652
-0.234652
-0.469303
-0.234652
0.234652
0.927051
0.779885
0.385111
-0.131933
-0.607089
-0.889499
-0.889499
-0.607089
-0.131933
0.385111
0.779885
1.361971
1.258298
0.963059
0.521204
0.0
-0.521204
-0.963059
-1.258298
-1.361971
-1.258298
-0.963059
-0.521204
-0.0
0.521204
0.963059
1.258298
1.763356
1.685015
1.456953
1.099434
0.644226
0.131776
-0.392384
-0.881678
-1.292631
-1.588729
-1.743661
-1.743661
-1.588729
-1.292631
-0.881678
-0.392384
0.131776
0.644226
1.099434
1.456953
1.685015
2.12132
2.059679
1.878336
1.587831
1.205047
0.752231
0.255697
-0.255697
-0.752231
-1.205047
-1.587831
-1.878336
-2.059679
-2.12132
-2.059679
-1.878336
-1.587831
-1.205047
-0.752231
-0.255697
0.255697
0.752231
1.205047
1.587831
1.878336
2.059679
2.427051
2.377369
2.230357
1.992035
1.672158
1.283823
0.842928
0.367523
-0.122928
-0.608346
-1.068859
-1.485612
-1.841545
-2.122084
-2.315745
-2.414599
-2.414599
-2.315745
-2.122084
-1.841545
-1.485612
-1.068859
-0.608346
-0.122928
0.367523
0.842928
1.283823
1.672158
1.992035
2.230357
2.377369
2.67302
2.63241
2.511817
2.314903
2.047652
1.718184
1.33651
0.914227
0.464165
0.0
-0.464165
-0.914227
-1.33651
-1.718184
-2.047652
-2.314903
-2.511817
-2.63241
-2.67302
-2.63241
-2.511817
-2.314903
-2.047652
-1.718184
-1.33651
-0.914227
-0.464165
-0.0
0.464165
0.914227
1.33651
1.718184
2.047652
2.314903
2.511817
2.63241
2.85317
2.819732
2.720202
2.556912
2.333691
2.05577
1.729664
1.363016
0.964419
0.543218
0.109284
-0.327211
-0.756037
-1.167142
-1.55089
-1.898287
-2.201189
-2.452498
-2.646322
-2.778118
-2.844798
-2.844798
-2.778118
-2.646322
-2.452498
-2.201189
-1.898287
-1.55089
-1.167142
-0.756037
-0.327211
0.109284
0.543218
0.964419
1.363016
1.729664
2.05577
2.333691
2.556912
2.720202
2.819732
2.963065
2.935467
2.853187
2.717757
2.5317
2.298483
2.022449
1.708741
1.363203
0.99227
0.602853
0.202207
-0.202207
-0.602853
-0.99227
-1.363203
-1.708741
-2.022449
-2.298483
-2.5317
-2.717757
-2.853187
-2.935467
-2.963065
-2.935467
-2.853187
-2.717757
-2.5317
-2.298483
-2.022449
-1.708741
-1.363203
-0.99227
-0.602853
-0.202207
0.202207
0.602853
0.99227
1.363203
1.708741
2.022449
2.298483
2.5317
2.717757
2.853187
2.935467
3.0
2.977262
2.909391
2.797417
2.643037
2.448591
2.217027
1.951855
1.657095
1.337215
0.997064
0.641799
0.276805
-0.092385
-0.460175
-0.820989
-1.169358
-1.5
-1.807904
-2.088402
-2.337242
-2.550651
-2.725396
-2.858826
-2.948919
-2.99431
-2.99431
-2.948919
-2.858826
-2.725396
-2.550651
-2.337242
-2.088402
-1.807904
-1.5
-1.169358
-0.820989
-0.460175
-0.092385
0.276805
0.641799
0.997064
1.337215
1.657095
1.951855
2.217027
2.448591
2.643037
2.797417
2.909391
2.977262
2.963065
2.935467
2.853187
2.717757
2.5317
2.298483
2.022449
1.708741
1.363203
0.99227
0.602853
0.202207
-0.202207
-0.602853
-0.99227
-1.363203
-1.708741
-2.022449
-2.298483
-2.5317
-2.717757
-2.853187
-2.935467
-2.963065
-2.935467
-2.853187
-2.717757
-2.5317
-2.298483
-2.022449
-1.708741
-1.363203
-0.99227
-0.602853
-0.202207
0.202207
0.602853
0.99227
1.363203
1.708741
2.022449
2.298483
2.5317
2.717757
2.853187
2.935467
2.85317
2.819732
2.720202
2.556912
2.333691
2.05577
1.729664
1.363016
0.964419
0.543218
0.109284
-0.327211
-0.756037
-1.167142
-1.55089
-1.898287
-2.201189
-2.452498
-2.646322
-2.778118
-2.844798
-2.844798
-2.778118
-2.646322
-2.452498
-2.201189
-1.898287
-1.55089
-1.167142
-0.756037
-0.327211
0.109284
0.543218
0.964419
1.363016
1.729664
2.05577
2.333691
2.556912
2.720202
2.819732
2.67302
2.63241
2.511817
2.314903
2.047652
1.718184
1.33651
0.914227
0.464165
0.0
-0.464165
-0.914227
-1.33651
-1.718184
-2.047652
-2.314903
-2.511817
-2.63241
-2.67302
-2.63241
-2.511817
-2.314903
-2.047652
-1.718184
-1.33651
-0.914227
-0.464165
-0.0
0.464165
0.914227
1.33651
1.718184
2.047652
2.314903
2.511817
2.63241
2.427051
2.377369
2.230357
1.992035
1.672158
1.283823
0.842928
0.367523
-0.122928
-0.608346
-1.068859
-1.485612
-1.841545
-2.122084
-2.315745
-2.414599
-2.414599
-2.315745
-2.122084
-1.841545
-1.485612
-1.068859
-0.608346
-0.122928
0.367523
0.842928
1.283823
1.672158
1.992035
2.230357
2.377369
2.12132
2.059679
1.878336
1.587831
1.205047
0.752231
0.255697
-0.255697
-0.752231
-1.205047
-1.587831
-1.878336
-2.059679
-2.12132
-2.059679
-1.878336
-1.587831
-1.205047
-0.752231
-0.255697
0.255697
0.752231
1.205047
1.587831
1.878336
2.059679
1.763356
1.685015
1.456953
1.099434
0.644226
0.131776
-0.392384
-0.881678
-1.292631
-1.588729
-1.743661
-1.743661
-1.588729
-1.292631
-0.881678
-0.392384
0.131776
0.644226
1.099434
1.456953
1.685015
1.361971
1.258298
0.963059
0.521204
0.0
-0.521204
-0.963059
-1.258298
-1.361971
-1.258298
-0.963059
-0.521204
-0.0
0.521204
0.963059
1.258298
0.927051
0.779885
0.385111
-0.131933
-0.607089
-0.889499
-0.889499
-0.607089
-0.131933
0.385111
0.779885
0.469303
0.234652
-0.234652
-0.469303
-0.234652
0.234652
0.0
