24.417459
24.393131
24.291375
24.317325
24.446525
24.551098
24.523373
24.373852
24.240464
24.163693
24.170286
24.259688
24.401926
24.554763
24.669894
24.706626
24.652048
24.526516
24.359803
24.2179
24.106039
24.040453
24.037096
24.098933
24.212312
24.357882
24.517339
24.669087
24.787554
24.851336
24.84993
24.784461
24.666399
24.516421
24.350947
24.207061
24.082204
23.983452
23.922751
23.912652
23.957163
24.048465
24.172877
24.318697
24.477235
24.637833
24.785223
24.902956
24.978511
25.005513
24.982937
24.91357
24.803555
24.663175
24.507005
24.346939
24.203991
24.075167
23.962806
23.872668
23.815
23.800073
23.832044
23.906434
24.013061
24.141705
24.285734
24.44094
24.601539
24.757886
24.898018
25.01108
25.089747
25.130644
25.133384
25.099273
25.030459
24.929957
24.802539
24.655825
24.500268
24.347013
24.206823
24.07826
23.962016
23.859895
23.777389
23.72308
23.70513
23.727344
23.787375
23.878065
23.990901
24.119347
24.25991
24.41045
24.567347
24.723966
24.871483
25.001098
25.105977
25.182081
25.227957
25.243978
25.231443
25.191853
25.126523
25.036715
24.924266
24.792541
24.647175
24.49591
24.349868
24.214032
24.088014
23.972515
23.867791
23.775897
23.701713
23.651968
23.632839
23.647502
23.69493
23.770442
23.867655
23.980785
24.106115
24.241863
24.386669
24.53777
24.690157
24.83713
24.97172
25.08806
25.182162
25.252033
25.297349
25.318935
25.318199
25.296627
25.255405
25.195247
25.116499
25.019533
24.905384
24.776446
24.636913
24.492595
24.353607
24.223879
24.102128
23.989633
23.886622
23.793644
23.712779
23.647931
23.604002
23.585396
23.59456
23.631205
23.692507
23.77413
23.871627
23.981588
24.102037
24.231908
24.369942
24.513656
24.658983
24.800706
24.933367
25.052174
25.153574
25.235446
25.296995
25.338487
25.360916
25.36567
25.354211
25.327794
25.287266
25.232978
25.164848
25.082599
24.98615
24.876096
24.754159
24.623442
24.488283
24.355815
24.234174
24.118518
24.010627
23.911264
23.820798
23.740027
23.670748
23.615792
23.578472
23.561722
23.567278
23.595207
23.643949
23.71083
23.792822
23.887285
23.992359
24.106893
24.229939
24.360077
24.494928
24.63108
24.764429
24.890752
25.006265
25.108011
25.19402
25.263292
25.315671
25.351669
25.372267
25.378719
25.37236
25.354423
25.325879
25.287316
25.23889
25.180361
25.111235
25.030994
24.9394
24.836816
24.724482
24.604658
24.480527
24.35388
24.242353
24.134865
24.033361
23.939072
23.852702
23.774815
23.706261
23.648423
23.603181
23.572614
23.558538
23.562086
23.583443
23.621839
23.675775
23.74341
23.82296
23.912961
24.012321
24.120122
24.235286
24.356242
24.480757
24.605982
24.728715
24.84574
24.95416
25.051625
25.136456
25.207644
25.264804
25.308077
25.338022
25.355505
25.361586
25.357408
25.344079
25.322564
25.293588
25.257562
25.214555
25.164309
25.106323
25.039993
24.96479
24.88047
24.787277
24.686097
24.578544
24.466893
24.345553
24.224508
24.107619
23.997885
23.897425
23.807655
23.729772
23.665233
23.615968
23.584163
23.57176
23.579923
23.608715
23.657138
23.723482
23.805807
23.902326
24.011467
24.131629
24.260755
24.395979
24.533584
24.669279
24.798695
24.917891
25.023717
25.113994
25.187522
25.243982
25.283792
25.307941
25.317818
25.315046
25.301296
25.278103
25.246687
25.207801
25.161647
25.107877
25.045716
24.974182
24.8924
24.799946
24.697166
24.585415
24.46711
24.329657
24.201327
24.077283
23.961878
23.858446
23.769437
23.696938
23.643139
23.610355
23.600606
23.61503
23.65355
23.714965
23.797382
23.898654
24.016497
24.148209
24.290212
24.4378
24.585354
24.726974
24.857225
24.971752
25.067576
25.14313
25.198118
25.23329
25.250196
25.250925
25.237831
25.213235
25.17911
25.136796
25.0868
25.028754
24.961584
24.883882
24.794424
24.692741
24.579611
24.457332
24.306776
24.173709
24.045425
23.927995
23.826345
23.744284
23.684972
23.651208
23.645214
23.668121
23.719655
23.798262
23.90146
24.025984
24.167528
24.320357
24.477317
24.630499
24.772309
24.89648
24.998667
25.07658
25.129807
25.159479
25.167885
25.158055
25.133287
25.096635
25.050381
24.995622
24.932122
24.858539
24.77305
24.674228
24.56196
24.438123
24.279666
24.144531
24.015628
23.901263
23.808417
23.74253
23.70775
23.706928
23.74126
23.810009
23.910538
24.038374
24.187014
24.347766
24.51026
24.663805
24.799054
24.909231
24.990594
25.042285
25.065836
25.064536
25.042692
25.004783
24.954529
24.89408
24.823624
24.741699
24.646255
24.536147
24.41254
24.253199
24.118675
23.993732
23.889764
23.816359
23.780571
23.786724
23.836096
23.926583
24.052503
24.204462
24.369638
24.533213
24.680909
24.801515
24.888309
24.939212
24.956088
24.943616
24.907864
24.854642
24.787899
24.708816
24.616231
24.508499
24.386023
24.233646
24.102537
23.98797
23.905872
23.868786
23.883989
23.952495
24.068395
24.21869
24.384413
24.543942
24.677891
24.773166
24.824529
24.833816
24.807727
24.754754
24.681901
24.592523
24.486877
24.365556
24.227366
24.103307
24.009994
23.969989
23.996447
24.088545
24.230073
24.392049
24.5408
24.648847
24.70233
24.701654
24.656695
24.579451
24.478243
24.358102
24.23921
24.129347
24.081067
24.121381
24.24102
24.393642
24.519175
24.576542
24.55872
24.482204
24.368222
24.27124
24.199458
24.257708
24.388135
24.449294
24.390564
24.322233
