3.803751
3.799468
3.940707
3.931304
3.790903
3.683088
3.682632
3.777286
3.958046
4.096839
4.114708
4.006258
3.840955
3.696997
3.606154
3.564596
3.570584
3.637872
3.737923
3.922917
4.110441
4.24254
4.275212
4.20049
4.049373
3.874709
3.723362
3.61594
3.548081
3.506921
3.485057
3.484852
3.517385
3.598465
3.683494
3.859119
4.05601
4.236404
4.361054
4.402484
4.353462
4.228759
4.060119
3.885476
3.735806
3.625655
3.552699
3.505465
3.472518
3.447487
3.429575
3.422307
3.432875
3.472131
3.55284
3.617208
3.775728
3.963011
4.154986
4.322396
4.438315
4.484416
4.454701
4.35649
4.208746
4.037791
3.870919
3.729414
3.623552
3.552044
3.505991
3.474645
3.449734
3.427049
3.405901
3.38782
3.375625
3.373432
3.387422
3.426384
3.500479
3.542871
3.679826
3.847107
4.02986
4.207672
4.358838
4.464566
4.512135
4.496724
4.421991
4.299454
4.146659
3.984135
3.831486
3.703398
3.606881
3.54093
3.498749
3.471322
3.450603
3.431281
3.411049
3.389918
3.369207
3.350685
3.336171
3.327733
3.32839
3.342968
3.378425
3.442867
3.464259
3.577827
3.719799
3.881558
4.049646
4.208075
4.341032
4.435242
4.481669
4.476508
4.421538
4.323884
4.195149
4.049911
3.903618
3.770123
3.65935
3.575778
3.51834
3.481785
3.458911
3.442739
3.427974
3.411571
3.392577
3.371568
3.349958
3.329368
3.311193
3.296457
3.286006
3.280998
3.283581
3.297476
3.328103
3.381834
3.384532
3.475146
3.590237
3.725301
3.872059
4.019577
4.155878
4.26958
4.351269
4.39447
4.396232
4.357359
4.282309
4.178757
4.0568
3.927802
3.802959
3.691749
3.600587
3.532045
3.484913
3.455097
3.437015
3.425012
3.41442
3.402109
3.386568
3.367683
3.346336
3.323961
3.302128
3.28221
3.265168
3.251512
3.241428
3.235101
3.23316
3.23716
3.249922
3.275547
3.318905
3.305821
3.375676
3.465169
3.572328
3.692497
3.818768
3.942831
4.056005
4.150225
4.218857
4.257285
4.263276
4.237135
4.181666
4.101931
4.00481
3.898342
3.790891
3.690191
3.602412
3.531423
3.478442
3.44219
3.419486
3.406122
3.397744
3.390562
3.381778
3.369734
3.353861
3.334485
3.312576
3.28947
3.266613
3.245329
3.226647
3.211193
3.199178
3.190486
3.184866
3.182211
3.182881
3.188
3.19964
3.220791
3.255024
3.229172
3.281565
3.348694
3.429968
3.523051
3.62395
3.727389
3.827375
3.917821
3.993149
4.048772
4.081464
4.089592
4.073226
4.03412
3.975583
3.902214
3.819523
3.733437
3.649727
3.573414
3.508245
3.456328
3.41802
3.392093
3.37613
3.367054
3.361666
3.357079
3.35102
3.341967
3.329169
3.312564
3.292659
3.270365
3.246842
3.22334
3.201048
3.180977
3.163859
3.150095
3.139749
3.132601
3.128266
3.126356
3.126685
3.129471
3.135505
3.146245
3.163772
3.190576
3.154829
3.203209
3.267017
3.345698
3.436354
3.533878
3.631551
3.721953
3.797935
3.853499
3.884476
3.888952
3.867453
3.822881
3.760202
3.6859
3.60721
3.531207
3.463868
3.40928
3.369178
3.342941
3.328037
3.320767
3.317093
3.313347
3.30671
3.295431
3.278845
3.257244
3.231667
3.203658
3.175017
3.147554
3.122872
3.102185
3.08619
3.075026
3.068334
3.065428
3.065565
3.068272
3.073677
3.082762
3.097453
3.120461
3.082806
3.127436
3.187434
3.262078
3.347624
3.437553
3.523579
3.597072
3.650524
3.67875
3.679669
3.654595
3.608035
3.547002
3.479899
3.415112
3.359546
3.317462
3.289924
3.275029
3.268791
3.266351
3.263113
3.255549
3.241595
3.220695
3.193606
3.162079
3.128481
3.095406
3.0653
3.040132
3.021131
3.008656
3.002248
3.000881
3.003387
3.008993
3.017823
3.03123
3.051784
3.013529
3.055143
3.111339
3.180857
3.258671
3.336577
3.404897
3.454694
3.479799
3.478169
3.452318
3.408774
3.35663
3.305458
3.263067
3.23377
3.217725
3.211556
3.209874
3.207043
3.198583
3.181935
3.156631
3.124027
3.086818
3.048438
3.012447
2.981931
2.959009
2.944516
2.937994
2.938059
2.943084
2.952047
2.965262
2.984683
2.948357
2.98782
3.040444
3.103852
3.17122
3.232654
3.2781
3.300547
3.298277
3.275423
3.240647
3.204323
3.175139
3.157422
3.150284
3.148808
3.14646
3.137504
3.118576
3.089204
3.051519
3.00949
2.96795
2.931564
2.903868
2.88659
2.879482
2.88083
2.888566
2.901582
2.920647
2.889782
2.927787
2.977007
3.033163
3.087264
3.128659
3.149691
3.149272
3.133394
3.112234
3.095238
3.08681
3.08494
3.083207
3.074475
3.054089
3.021373
2.979487
2.934204
2.892187
2.85917
2.838484
2.830475
2.833203
2.844256
2.862687
2.841217
2.878084
2.923795
2.971236
3.009722
3.031034
3.034863
3.028797
3.022465
3.020439
3.019527
3.012002
2.991364
2.956359
2.911622
2.865629
2.82735
2.802984
2.794218
2.799113
2.815047
2.806373
2.842022
2.883721
2.920793
2.943946
2.95325
2.956287
2.957607
2.952732
2.933533
2.897592
2.851973
2.809548
2.781758
2.773285
2.782546
2.788402
2.822488
2.85897
2.884504
2.896956
2.898636
2.883787
2.848688
2.80559
2.775351
2.770023
2.789086
2.820635
2.845402
2.844353
2.81372
2.783629
2.808363
