3.0
2.963065
2.963065
2.963065
2.963065
2.963065
2.963065
2.85317
2.85317
2.85317
2.85317
2.85317
2.85317
2.85317
2.85317
2.85317
2.85317
2.85317
2.67302
2.67302
2.67302
2.67302
2.67302
2.67302
2.67302
2.67302
2.67302
2.67302
2.67302
2.67302
2.67302
2.67302
2.67302
2.67302
2.427051
2.427051
2.427051
2.427051
2.427051
2.427051
2.427051
2.427051
2.427051
2.427051
2.427051
2.427051
2.427051
2.427051
2.427051
2.427051
2.427051
2.427051
2.427051
2.427051
2.427051
2.12132
2.12132
2.12132
2.12132
2.12132
2.12132
2.12132
2.12132
2.12132
2.12132
2.12132
2.12132
2.12132
2.12132
2.12132
2.12132
2.12132
2.12132
2.12132
2.12132
2.12132
2.12132
2.12132
2.12132
2.12132
2.12132
1.763356
1.763356
1.763356
1.763356
1.763356
1.763356
1.763356
1.763356
1.763356
1.763356
1.763356
1.763356
1.763356
1.763356
1.763356
1.763356
1.763356
1.763356
1.763356
1.763356
1.763356
1.763356
1.763356
1.763356
1.763356
1.763356
1.763356
1.763356
1.763356
1.763356
1.763356
1.361971
1.361971
1.361971
1.361971
1.361971
1.361971
1.361971
1.361971
1.361971
1.361971
1.361971
1.361971
1.361971
1.361971
1.361971
1.361971
1.361971
1.361971
1.361971
1.361971
1.361971
1.361971
1.361971
1.361971
1.361971
1.361971
1.361971
1.361971
1.361971
1.361971
1.361971
1.361971
1.361971
1.361971
1.361971
1.361971
0.927051
0.927051
0.927051
0.927051
0.927051
0.927051
0.927051
0.927051
0.927051
0.927051
0.927051
0.927051
0.927051
0.927051
0.927051
0.927051
0.927051
0.927051
0.927051
0.927051
0.927051
0.927051
0.927051
0.927051
0.927051
0.927051
0.927051
0.927051
0.927051
0.927051
0.927051
0.927051
0.927051
0.927051
0.927051
0.927051
0.927051
0.927051
0.927051
0.927051
0.927051
0.469303
0.469303
0.469303
0.469303
0.469303
0.469303
0.469303
0.469303
0.469303
0.469303
0.469303
0.469303
0.469303
0.469303
0.469303
0.469303
0.469303
0.469303
0.469303
0.469303
0.469303
0.469303
0.469303
0.469303
0.469303
0.469303
0.469303
0.469303
0.469303
0.469303
0.469303
0.469303
0.469303
0.469303
0.469303
0.469303
0.469303
0.469303
0.469303
0.469303
0.469303
0.469303
0.469303
0.469303
0.469303
0.469303
0.0
0.0
0.0
0.0
0.0
0.0
0.0
0.0
0.0
0.0
0.0
0.0
0.0
0.0
0.0
0.0
0.0
0.0
0.0
0.0
0.0
0.0
0.0
0.0
0.0
0.0
0.0
0.0
0.0
0.0
0.0
0.0
0.0
0.0
0.0
0.0
0.0
0.0
0.0
0.0
0.0
0.0
0.0
0.0
0.0
0.0
0.0
0.0
0.0
0.0
0.0
-0.469303
-0.469303
-0.469303
-0.469303
-0.469303
-0.469303
-0.469303
-0.469303
-0.469303
-0.469303
-0.469303
-0.469303
-0.469303
-0.469303
-0.469303
-0.469303
-0.469303
-0.469303
-0.469303
-0.469303
-0.469303
-0.469303
-0.469303
-0.469303
-0.469303
-0.469303
-0.469303
-0.469303
-0.469303
-0.469303
-0.469303
-0.469303
-0.469303
-0.469303
-0.469303
-0.469303
-0.469303
-0.469303
-0.469303
-0.469303
-0.469303
-0.469303
-0.469303
-0.469303
-0.469303
-0.469303
-0.927051
-0.927051
-0.927051
-0.927051
-0.927051
-0.927051
-0.927051
-0.927051
-0.927051
-0.927051
-0.927051
-0.927051
-0.927051
-0.927051
-0.927051
-0.927051
-0.927051
-0.927051
-0.927051
-0.927051
-0.927051
-0.927051
-0.927051
-0.927051
-0.927051
-0.927051
-0.927051
-0.927051
-0.927051
-0.927051
-0.927051
-0.927051
-0.927051
-0.927051
-0.927051
-0.927051
-0.927051
-0.927051
-0.927051
-0.927051
-0.927051
-1.361971
-1.361971
-1.361971
-1.361971
-1.361971
-1.361971
-1.361971
-1.361971
-1.361971
-1.361971
-1.361971
-1.361971
-1.361971
-1.361971
-1.361971
-1.361971
-1.361971
-1.361971
-1.361971
-1.361971
-1.361971
-1.361971
-1.361971
-1.361971
-1.361971
-1.361971
-1.361971
-1.361971
-1.361971
-1.361971
-1.361971
-1.361971
-1.361971
-1.361971
-1.361971
-1.361971
-1.763356
-1.763356
-1.763356
-1.763356
-1.763356
-1.763356
-1.763356
-1.763356
-1.763356
-1.763356
-1.763356
-1.763356
-1.763356
-1.763356
-1.763356
-1.763356
-1.763356
-1.763356
-1.763356
-1.763356
-1.763356
-1.763356
-1.763356
-1.763356
-1.763356
-1.763356
-1.763356
-1.763356
-1.763356
-1.763356
-1.763356
-2.12132
-2.12132
-2.12132
-2.12132
-2.12132
-2.12132
-2.12132
-2.12132
-2.12132
-2.12132
-2.12132
-2.12132
-2.12132
-2.12132
-2.12132
-2.12132
-2.12132
-2.12132
-2.12132
-2.12132
-2.12132
-2.12132
-2.12132
-2.12132
-2.12132
-2.12132
-2.427051
-2.427051
-2.427051
-2.427051
-2.427051
-2.427051
-2.427051
-2.427051
-2.427051
-2.427051
-2.427051
-2.427051
-2.427051
-2.427051
-2.427051
-2.427051
-2.427051
-2.427051
-2.427051
-2.427051
-2.427051
-2.67302
-2.67302
-2.67302
-2.67302
-2.67302
-2.67302
-2.67302
-2.67302
-2.67302
-2.67302
-2.67302
-2.67302
-2.67302
-2.67302
-2.67302
-2.67302
-2.85317
-2.85317
-2.85317
-2.85317
-2.85317
-2.85317
-2.85317
-2.85317
-2.85317
-2.85317
-2.85317
-2.963065
-2.963065
-2.963065
-2.963065
-2.963065
-2.963065
-3.0
