0.241124
0.470831
-0.282245
0.717179
0.70215
-1.716456
-0.784542
0.570901
1.58003
1.466459
-1.218017
0.852743
1.860258
-0.820795
-0.432218
-0.681949
-2.712516
-0.946942
-2.749519
2.660039
1.409174
0.452683
0.277079
0.455122
1.696549
-1.209125
-0.097134
1.445881
0.848245
-0.680331
0.549152
-1.534619
0.976503
0.135669
0.394902
-2.866802
0.607996
-1.509118
-0.177953
-0.596526
-0.878187
-0.940891
-0.169651
-0.234674
-1.73546
-1.630663
1.717463
0.376064
-0.862914
1.464613
-0.546857
-2.406963
-1.469305
0.850552
0.899094
-1.112916
1.469906
0.403947
-2.756234
-0.068881
-1.773481
2.155096
0.402391
1.880612
0.774928
-1.072961
-1.954211
0.967975
1.583161
0.034182
0.067108
-0.11222
0.097798
-0.452559
0.399478
-1.411345
-0.4595
1.017156
0.202007
-1.234009
1.936225
0.260487
-0.469882
0.332544
-0.884054
-0.574695
0.501265
0.232623
0.338703
-0.039288
1.241673
0.869805
0.823704
-0.409524
0.589485
1.256862
0.365963
-0.510903
1.59963
0.212453
-1.36859
-0.589217
0.884479
0.469541
-0.364605
-1.059988
-0.262976
-0.53055
0.313269
-0.784856
0.31447
-0.060221
1.460225
0.23805
-0.533726
-0.442576
-0.536951
-0.771844
2.33137
-0.260648
2.813752
1.198839
-0.282774
-0.146778
-1.317206
0.225621
-1.806341
-0.164214
-0.969599
0.765562
-0.453211
-0.771067
0.280244
-1.573997
0.601475
-0.557722
-1.293772
-1.65183
-0.798737
1.186599
0.753855
-2.282451
-0.336938
0.610113
1.575506
-1.200361
0.221883
-0.113999
0.189877
-0.803137
-0.206289
-1.254963
-0.401725
-0.206523
-2.854147
1.817567
1.821575
0.935444
-0.869562
-1.88334
0.7334
2.703208
-1.700846
-0.430068
-0.815999
0.91893
-1.920742
0.08834
-0.98825
0.215022
-1.091702
0.769766
-0.170758
-1.676099
-2.537328
0.615047
-0.151022
1.010789
1.09801
2.158509
-0.607462
0.955124
0.714384
-1.890257
1.161365
1.367921
0.140208
-1.855118
1.256254
1.566283
-0.698897
2.531554
1.30179
1.78928
2.49985
-0.816405
1.23289
0.113945
-1.275877
-0.393661
-0.762548
0.845947
0.413231
1.463807
-0.28633
2.681556
-0.212784
2.796147
-0.492014
0.222295
-0.750504
-0.428537
1.632589
-0.734356
-0.349043
-0.407565
1.677989
-0.177587
-0.294061
0.283637
-0.392678
0.592325
-0.553062
0.935788
0.737165
0.979276
0.661702
1.303476
0.622459
0.707459
1.173184
2.238709
2.232873
0.574
-1.740248
0.306214
0.526594
-0.358702
0.107533
-0.644946
0.666963
-0.046095
-0.343764
0.655667
-2.745412
-0.069555
-1.819222
-1.082488
-1.44007
1.547196
2.749493
-0.122803
0.273111
1.924739
-1.411076
-1.684759
-2.325785
-0.99128
1.508187
-0.650815
0.628192
-0.720615
1.503787
-0.762001
1.655407
-1.716474
0.090518
1.363921
-0.84078
0.602884
-1.402068
0.277514
-0.893285
-0.91371
0.165062
0.731752
1.10573
-0.964295
0.018855
-1.68235
-1.218447
1.6382
0.946582
0.397689
-0.506274
1.613677
1.977263
1.217854
0.554132
0.901873
-0.016941
-2.213704
0.437615
1.351306
0.499529
-0.492495
-1.792385
0.673658
1.034961
1.196112
-0.606773
-0.713195
1.541679
-2.409144
0.037503
-0.594367
0.003108
0.593794
-0.266743
-0.986295
0.073043
2.254096
1.396498
-2.055148
1.785928
-1.019848
0.089121
0.703408
-1.209686
-1.730302
1.631505
-0.65346
-1.36605
-2.331953
0.432793
0.282937
-1.616348
0.567102
0.639725
0.206931
-0.64628
0.932009
-1.940619
-0.362236
0.603365
1.929734
1.880464
