2.232744
1.56471
2.10467
-1.179373
-0.535736
0.371841
-0.302391
-0.028859
-1.283686
0.324116
-0.278191
0.806823
-1.394019
-0.655359
-0.82038
0.465685
-2.089613
-2.407385
0.327072
0.990395
0.263471
-0.68365
0.680702
0.795042
0.465112
-2.43837
1.497786
0.074189
-0.550717
-2.124789
1.152603
0.265983
0.08511
-0.643777
-0.606095
0.798709
-1.189597
-1.495891
-0.318466
1.367454
1.686532
-0.572371
0.349874
1.941001
-0.375338
-0.932381
-0.474839
0.410991
-0.262062
1.664596
0.380882
-1.940759
-0.533091
0.80226
-2.963421
0.012842
0.159843
0.452939
0.914229
-0.983078
1.773337
0.698614
-2.261104
-0.147434
-1.869696
-2.081426
0.098662
-0.730025
-0.597621
-0.184331
1.95481
-0.791563
-0.346824
-0.646807
-2.934411
-1.450384
0.196649
-0.63318
-1.387418
0.090904
1.015621
-1.773038
-0.405485
-0.482289
-1.025686
0.723353
0.797389
-2.446598
-1.08301
0.733256
-1.036843
0.927796
-0.499909
0.681321
-0.635687
-0.612335
1.838321
2.500887
-1.162523
-0.968803
1.650258
0.25583
0.879878
-0.269343
0.167448
-0.470674
-0.503782
-0.123535
-0.012883
0.054606
0.147101
-0.594685
-1.181964
-1.57597
0.534502
0.218637
1.390357
-0.266325
2.779434
2.341258
-0.917915
2.321002
-0.421126
-0.355306
-0.365709
0.346281
0.059223
0.225892
-1.849688
0.853088
-2.252367
2.541392
-0.826091
0.240582
0.078717
-2.696591
-0.737979
0.409715
0.46953
0.417402
-0.295294
-0.216428
1.746928
-0.583272
0.09462
-1.352905
0.692624
0.036715
-0.687431
-0.701478
-0.810439
-2.164181
0.165436
0.174736
-0.700129
0.632944
1.108029
-0.255636
-2.944698
-1.888455
-0.624308
-0.440687
-2.258976
-0.628758
1.303966
-1.740998
1.127637
0.315591
0.856493
1.679877
0.706389
-0.870827
0.225878
1.861924
-0.536148
0.424145
-0.814973
-2.744714
1.319375
-1.721967
-2.858601
1.553846
-2.287419
-0.031939
-0.97627
-1.019036
-1.52257
1.623258
0.427933
-1.703821
1.208507
-0.266893
0.335948
1.136428
0.696484
-0.417001
0.129448
2.721551
-0.961672
1.295301
0.330566
1.313007
0.454469
1.485391
1.470176
2.821626
1.981256
-1.905249
0.113854
-0.721366
-1.906147
2.248751
-2.763752
-2.962038
0.856113
-0.05263
-1.67122
-2.479438
0.6963
0.805138
0.169107
-0.411655
-0.855079
0.760211
0.087581
-1.500707
0.364077
1.62428
-0.100586
0.943622
-0.277024
1.239488
1.971859
0.864875
-0.057952
0.948403
-1.660649
1.920154
-0.720212
-0.996871
1.257126
-0.063239
-1.559954
0.084176
0.626337
-0.257252
0.659223
2.146809
-0.677444
0.463253
-0.040773
-1.668116
-0.606977
-1.789847
0.952487
1.812961
0.066697
-0.511439
-0.767467
1.351579
-0.728177
1.50035
-0.320078
-1.998572
0.258882
-1.95165
-2.060985
-2.595454
-0.561192
0.38369
0.153133
-0.727327
0.849363
-0.508567
-2.665591
1.44082
0.876419
2.606218
-0.595146
0.925593
-0.17806
-0.939252
-0.887061
0.758955
0.390414
0.91917
0.252985
0.554311
-0.725306
2.735797
-0.948298
0.156727
0.880338
-1.231254
1.848243
0.694313
1.197835
-0.169074
-1.092063
2.19985
2.055727
-0.774573
0.942538
-1.033246
-0.730824
-2.877936
1.191207
2.756927
1.41596
0.024172
-0.438492
-1.24235
0.725378
-0.851422
-0.758038
2.509783
0.753294
0.405094
-0.281415
-0.975337
0.155854
1.817335
1.164088
0.501086
-0.546262
-0.569702
0.286897
1.921073
-1.744481
-0.586542
2.214517
2.624753
0.081221
-1.950375
-0.435994
-0.458011
-0.709724
