0.236929
2.674258
0.4474
1.200782
0.567571
-1.109452
-1.323834
-0.137092
0.698427
0.322985
-0.258266
-0.486556
1.635699
-0.941922
1.790685
-1.138633
-0.377991
-0.182982
2.974259
1.536186
-0.640724
1.646586
-1.294943
2.400482
-1.93141
0.290925
0.545113
2.584023
1.579145
-0.992316
0.843836
-0.463478
1.040114
0.970947
0.706786
-0.710022
-0.405863
0.57749
1.002226
-0.65545
-0.749654
-0.306903
0.802717
-1.387899
2.788048
1.547627
-2.631582
0.287096
-2.220584
-0.412019
0.148055
-0.32929
-1.824512
0.551152
-2.144753
0.94657
-0.502434
0.657576
-0.651262
1.280759
0.124183
0.614015
1.196307
-1.929439
-0.14922
0.521627
0.452696
0.35755
0.927447
-1.541849
0.220767
0.113203
0.886711
-0.726948
-1.420228
-1.946059
-1.062363
1.805199
0.62247
-1.90882
-2.421432
-2.149943
1.886608
-0.488615
1.569558
-2.063944
0.28946
-1.833178
-1.509725
-2.937342
1.704948
-0.483475
-0.359004
-1.793218
-1.472682
-0.740957
1.335735
-0.716031
0.283127
0.668103
1.29146
1.863389
-2.085757
-0.161365
2.536819
0.395001
-0.1963
0.487554
0.882677
1.675508
-0.548227
0.527811
-0.478551
-0.336077
0.413594
-1.156672
-2.202515
-2.251556
-0.631164
0.268175
1.44828
0.429242
-0.418154
0.562124
0.589939
0.187858
1.893112
0.62535
-0.828743
-0.904915
0.069307
-0.411506
-1.104281
1.695602
0.391737
1.997139
0.191087
-2.276688
-0.340053
-0.550533
2.772917
-1.738017
-0.278329
-0.760537
-1.477543
-0.933429
0.444567
-0.441059
-0.089501
-0.755017
0.467617
-1.525354
0.040274
2.65252
-1.050518
-1.084552
0.309974
-2.484966
-0.321492
0.395397
1.406891
0.255044
1.646425
1.588511
0.252181
0.540332
0.838424
-0.073779
0.799612
-1.088776
-0.511892
-0.407368
-0.476968
-2.130255
2.693892
-0.312399
2.666412
0.526514
1.64368
-0.214642
-1.211652
0.887792
0.658036
0.405312
0.645903
0.614863
0.654863
-1.723582
-0.530548
-1.707311
1.856815
-1.086048
0.351802
-0.439413
1.234748
-0.33403
0.504418
-2.824831
1.940586
-0.174827
1.54418
-2.699463
-0.193707
1.792659
1.622518
0.675816
-1.785309
-1.349388
1.714436
0.856285
1.90622
-0.553273
0.664413
-1.111206
-1.452915
2.57382
-0.263568
1.469066
2.836234
-0.219606
1.436297
-1.355715
0.507407
1.197199
0.554092
1.469794
-0.676612
0.701854
0.348263
0.432922
0.928288
-0.770171
0.448018
2.140776
0.981874
2.343192
0.123598
0.035819
0.107346
-0.343242
-1.488162
0.390468
0.667459
-2.958478
0.505153
0.973058
0.807022
0.751951
1.555014
1.711109
1.621583
1.94143
0.203795
-0.474099
2.887059
-0.281363
-1.785531
1.976215
-1.068737
1.277589
-2.092742
-0.800744
1.074991
-0.067594
0.260522
0.614622
2.499434
-1.049691
0.243577
0.11743
-0.976444
-0.864195
1.112459
-1.644689
1.995438
2.673907
-0.488634
-0.389355
-0.164975
0.518994
0.199812
-0.920692
0.601478
0.233502
-1.986315
-0.418682
0.896336
0.129064
-0.936443
0.043455
0.873216
0.218542
-0.377156
-1.300709
-0.543387
-0.836285
2.188929
0.600003
0.059432
-1.027586
-1.921781
-1.722711
-0.539812
-1.040762
-0.938108
0.934876
-0.903829
-0.120551
0.847198
-1.378995
-0.664587
-1.093706
1.884287
1.448469
-1.740274
0.875821
-2.896744
-1.948026
0.023267
1.472205
-0.533879
2.446196
-0.722429
0.630332
-1.754853
-0.817998
2.115427
-0.757578
0.236695
-0.821624
-0.088687
-0.599436
2.939931
0.491087
-2.386775
-0.760433
0.037205
