3.010521
4.96448
5.791006
3.983795
1.195869
0.295285
2.186292
6.843338
8.125272
7.963962
6.556441
4.006851
0.967848
-1.301094
-2.044482
-1.156417
1.158816
4.216918
8.427245
9.510849
9.684911
9.267957
8.276567
6.573745
4.057914
1.086041
-1.513732
-3.158609
-3.728438
-3.261672
-1.803947
0.534036
3.422456
6.269433
9.509985
10.171615
10.42355
10.497051
10.156489
9.341793
8.141311
6.483475
4.186327
1.406215
-1.251998
-3.25842
-4.457676
-4.885804
-4.594222
-3.606208
-1.942148
0.318195
2.966296
5.655123
7.969129
9.964522
10.448572
11.201793
11.951468
12.174761
11.73357
10.749549
9.450073
8.025462
6.426103
4.395807
1.887289
-0.69989
-2.870551
-4.404762
-5.304419
-5.62812
-5.41809
-4.690486
-3.450215
-1.719132
0.428051
2.836871
5.277284
7.470825
9.104955
10.080444
11.030407
12.446091
13.661484
14.268294
14.243785
13.672691
12.634934
11.231915
9.637324
8.042344
6.466794
4.684596
2.500163
0.086416
-2.136484
-3.879367
-5.079684
-5.779209
-6.030107
-5.865146
-5.297135
-4.328565
-2.966708
-1.242655
0.770835
2.9513
5.13266
7.113993
8.65587
9.553639
10.515446
12.050589
13.727355
14.991841
15.685732
15.880879
15.672659
15.118876
14.239719
13.038956
11.54806
9.88012
8.21331
6.644651
5.054906
3.209507
1.069078
-1.096676
-2.966193
-4.389244
-5.361435
-5.927769
-6.130803
-5.996841
-5.537349
-4.755474
-3.655163
-2.252155
-0.584981
1.277627
3.235753
5.161994
6.901612
8.267271
9.102427
9.618764
11.358365
13.080766
14.641545
15.757609
16.413265
16.692051
16.675007
16.416166
15.94253
15.257584
14.3459
13.184581
11.771953
10.172339
8.528827
6.978097
5.516499
3.974015
2.186589
0.217463
-1.674125
-3.261561
-4.460198
-5.28029
-5.760541
-5.935751
-5.82844
-5.45008
-4.80559
-3.899262
-2.741612
-1.356271
0.21468
1.908348
3.641602
5.311874
6.794105
7.94178
8.659346
9.15216
9.960652
12.223316
14.198979
15.680688
16.569027
16.977495
17.028254
16.803061
16.344074
15.658434
14.719855
13.475315
11.881013
9.992949
8.033352
6.231805
4.536882
2.642498
0.459206
-1.666231
-3.367699
-4.530929
-5.192174
-5.412993
-5.236754
-4.686639
-3.776362
-2.524634
-0.970118
0.816887
2.729141
4.621773
6.30882
7.569723
8.31027
8.986559
10.286964
12.823502
14.854696
16.171235
16.83694
17.027516
16.872286
16.441619
15.753246
14.770872
13.404528
11.561573
9.326414
7.088166
5.132989
3.167942
0.839186
-1.462861
-3.175583
-4.152222
-4.465079
-4.197689
-3.403354
-2.126272
-0.434938
1.549752
3.639761
5.572721
7.022835
7.863777
8.780214
10.521477
13.073502
15.094638
16.247903
16.710429
16.690247
16.310881
15.610872
14.538323
12.945461
10.699623
8.072803
5.738485
3.714146
1.377296
-0.928601
-2.41424
-2.90781
-2.526183
-1.398771
0.330386
2.439549
4.585117
6.299004
7.31609
8.444757
10.522727
12.983282
14.996611
15.99568
16.241468
15.957481
15.22376
13.9561
11.916696
9.08662
6.324083
4.234034
2.13101
0.240436
-0.516294
-0.01769
1.459904
3.477645
5.397178
6.654724
7.931272
10.233835
12.572943
14.592659
15.397503
15.30504
14.480372
12.777074
9.960376
6.844379
4.720613
3.217452
2.468438
3.050109
4.505893
5.893281
7.250037
9.644955
11.836262
13.806746
14.155161
13.096945
10.524133
7.254315
5.282557
4.743504
5.299206
6.512632
8.787155
10.740797
12.170572
10.626192
7.616868
6.552144
7.865378
9.284155
