3.0
2.942356
2.942356
2.942356
2.942356
2.942356
2.942356
2.771639
2.771639
2.771639
2.771639
2.771639
2.771639
2.771639
2.771639
2.771639
2.771639
2.771639
2.494409
2.494409
2.494409
2.494409
2.494409
2.494409
2.494409
2.494409
2.494409
2.494409
2.494409
2.494409
2.494409
2.494409
2.494409
2.494409
2.12132
2.12132
2.12132
2.12132
2.12132
2.12132
2.12132
2.12132
2.12132
2.12132
2.12132
2.12132
2.12132
2.12132
2.12132
2.12132
2.12132
2.12132
2.12132
2.12132
2.12132
1.666711
1.666711
1.666711
1.666711
1.666711
1.666711
1.666711
1.666711
1.666711
1.666711
1.666711
1.666711
1.666711
1.666711
1.666711
1.666711
1.666711
1.666711
1.666711
1.666711
1.666711
1.666711
1.666711
1.666711
1.666711
1.666711
1.14805
1.14805
1.14805
1.14805
1.14805
1.14805
1.14805
1.14805
1.14805
1.14805
1.14805
1.14805
1.14805
1.14805
1.14805
1.14805
1.14805
1.14805
1.14805
1.14805
1.14805
1.14805
1.14805
1.14805
1.14805
1.14805
1.14805
1.14805
1.14805
1.14805
1.14805
0.585271
0.585271
0.585271
0.585271
0.585271
0.585271
0.585271
0.585271
0.585271
0.585271
0.585271
0.585271
0.585271
0.585271
0.585271
0.585271
0.585271
0.585271
0.585271
0.585271
0.585271
0.585271
0.585271
0.585271
0.585271
0.585271
0.585271
0.585271
0.585271
0.585271
0.585271
0.585271
0.585271
0.585271
0.585271
0.585271
0.0
0.0
0.0
0.0
0.0
0.0
0.0
0.0
0.0
0.0
0.0
0.0
0.0
0.0
0.0
0.0
0.0
0.0
0.0
0.0
0.0
0.0
0.0
0.0
0.0
0.0
0.0
0.0
0.0
0.0
0.0
0.0
0.0
0.0
0.0
0.0
0.0
0.0
0.0
0.0
0.0
-0.585271
-0.585271
-0.585271
-0.585271
-0.585271
-0.585271
-0.585271
-0.585271
-0.585271
-0.585271
-0.585271
-0.585271
-0.585271
-0.585271
-0.585271
-0.585271
-0.585271
-0.585271
-0.585271
-0.585271
-0.585271
-0.585271
-0.585271
-0.585271
-0.585271
-0.585271
-0.585271
-0.585271
-0.585271
-0.585271
-0.585271
-0.585271
-0.585271
-0.585271
-0.585271
-0.585271
-1.14805
-1.14805
-1.14805
-1.14805
-1.14805
-1.14805
-1.14805
-1.14805
-1.14805
-1.14805
-1.14805
-1.14805
-1.14805
-1.14805
-1.14805
-1.14805
-1.14805
-1.14805
-1.14805
-1.14805
-1.14805
-1.14805
-1.14805
-1.14805
-1.14805
-1.14805
-1.14805
-1.14805
-1.14805
-1.14805
-1.14805
-1.666711
-1.666711
-1.666711
-1.666711
-1.666711
-1.666711
-1.666711
-1.666711
-1.666711
-1.666711
-1.666711
-1.666711
-1.666711
-1.666711
-1.666711
-1.666711
-1.666711
-1.666711
-1.666711
-1.666711
-1.666711
-1.666711
-1.666711
-1.666711
-1.666711
-1.666711
-2.12132
-2.12132
-2.12132
-2.12132
-2.12132
-2.12132
-2.12132
-2.12132
-2.12132
-2.12132
-2.12132
-2.12132
-2.12132
-2.12132
-2.12132
-2.12132
-2.12132
-2.12132
-2.12132
-2.12132
-2.12132
-2.494409
-2.494409
-2.494409
-2.494409
-2.494409
-2.494409
-2.494409
-2.494409
-2.494409
-2.494409
-2.494409
-2.494409
-2.494409
-2.494409
-2.494409
-2.494409
-2.771639
-2.771639
-2.771639
-2.771639
-2.771639
-2.771639
-2.771639
-2.771639
-2.771639
-2.771639
-2.771639
-2.942356
-2.942356
-2.942356
-2.942356
-2.942356
-2.942356
-3.0
