20.093454
19.84508
20.18242
20.434157
19.997994
19.299003
19.316832
19.130043
19.033469
19.126207
19.774254
20.309842
20.046607
19.221479
18.449082
18.081926
18.244266
18.779263
17.826701
17.092907
16.445481
16.637202
17.663616
18.974204
19.841454
19.835816
19.164318
18.314032
17.597954
17.140259
16.995026
17.180431
17.605891
17.967055
15.819315
14.34305
13.078932
12.750539
13.320839
14.562191
16.226914
17.912886
19.077323
19.371313
18.930158
18.168416
17.404618
16.779003
16.33644
16.095016
16.067056
16.240632
16.537481
16.773469
16.645968
13.058195
11.096493
9.833008
9.491032
9.786014
10.530148
11.657043
13.136753
14.889736
16.676454
18.063089
18.673936
18.516268
17.917527
17.202404
16.545723
16.010824
15.61362
15.358644
15.249866
15.283503
15.42947
15.612034
15.697424
15.481809
14.677753
9.887063
8.180192
7.37307
7.213605
7.430823
7.902597
8.591415
9.499108
10.642473
12.031444
13.640685
15.347629
16.84863
17.759131
17.931471
17.561684
16.956257
16.32651
15.768399
15.31253
14.964157
14.722879
14.588475
14.557516
14.613784
14.717316
14.796903
14.745781
14.412523
13.579374
12.00588
7.134944
6.075218
5.667038
5.634666
5.819226
6.153544
6.613882
7.197745
7.915246
8.784523
9.825652
11.051016
12.45509
13.989485
15.487425
16.633482
17.16344
17.097268
16.67082
16.117762
15.57442
15.098233
14.706363
14.400588
14.17896
14.039355
13.977753
13.983008
14.030378
14.076503
14.056673
13.882075
13.431838
12.537449
11.012761
8.966162
5.21653
4.651998
4.462816
4.486559
4.641853
4.89258
5.223895
5.631696
6.118449
6.691657
7.363213
8.148338
9.06254
10.11636
11.311952
12.638457
14.031854
15.300607
16.165816
16.476179
16.324304
15.920165
15.436871
14.969629
14.55855
14.2161
13.943643
13.739186
13.599859
13.521131
13.493891
13.500653
13.51228
13.485963
13.363781
13.06985
12.503655
11.533116
10.036136
8.131542
6.370999
3.970489
3.633827
3.59683
3.726166
3.967313
4.299236
4.715797
5.21921
5.81803
6.526871
7.36602
8.358286
9.521351
10.865267
12.389837
13.977999
15.242113
15.79175
15.675278
15.224097
14.70025
14.223501
13.832307
13.533362
13.323257
13.193903
13.129484
13.099656
13.053033
12.912873
12.572688
11.886926
10.664026
8.770657
6.567189
4.868892
3.165652
2.961041
3.015109
3.22117
3.540704
3.961407
4.483549
5.116125
5.876491
6.790598
7.889236
9.198556
10.752068
12.560489
14.261086
15.13
15.068889
14.58099
14.042461
13.59085
13.256493
13.034091
12.898972
12.800004
12.647256
12.301796
11.562901
10.160219
7.936345
5.514562
3.891293
2.669972
2.538955
2.660683
2.943847
3.358989
3.90047
4.57628
5.406457
6.423299
7.665384
9.179291
11.078229
13.180896
14.431131
14.450748
13.961693
13.460254
13.081155
12.818185
12.592863
12.248138
11.526956
10.05747
7.59029
4.943862
3.314113
2.429571
2.340356
2.532255
2.918877
3.476409
4.207184
5.131986
6.287145
7.720339
9.587797
11.956038
13.566328
13.703561
13.285432
12.847771
12.4071
11.716559
10.311337
7.746818
4.836389
3.07477
2.434787
2.374636
2.670213
3.228943
4.030028
5.083554
6.415549
8.163663
10.545062
12.267351
12.45305
11.892587
10.684114
8.30884
5.207133
3.168118
2.703161
2.686653
3.188502
4.079439
5.299156
6.872271
8.824933
9.713624
8.623596
5.996367
3.638408
3.276601
3.420351
4.410354
5.703004
6.123275
4.516945
4.231903
