0.0
0.585271
0.292635
-0.292635
-0.585271
-0.292635
0.292635
1.14805
0.965801
0.476917
-0.163385
-0.751813
-1.101546
-1.101546
-0.751813
-0.163385
0.476917
0.965801
1.666711
1.53984
1.178542
0.637823
0.0
-0.637823
-1.178542
-1.53984
-1.666711
-1.53984
-1.178542
-0.637823
-0.0
0.637823
1.178542
1.53984
2.12132
2.027076
1.752717
1.322622
0.775005
0.158526
-0.472038
-1.06066
-1.555038
-1.911244
-2.097627
-2.097627
-1.911244
-1.555038
-1.06066
-0.472038
0.158526
0.775005
1.322622
1.752717
2.027076
2.494409
2.421926
2.208689
1.867092
1.416986
0.88453
0.300668
-0.300668
-0.88453
-1.416986
-1.867092
-2.208689
-2.421926
-2.494409
-2.421926
-2.208689
-1.867092
-1.416986
-0.88453
-0.300668
0.300668
0.88453
1.416986
1.867092
2.208689
2.421926
2.771639
2.714903
2.547019
2.27486
1.909567
1.466097
0.962605
0.419703
-0.140381
-0.694718
-1.220613
-1.696537
-2.103003
-2.423373
-2.644529
-2.757418
-2.757418
-2.644529
-2.423373
-2.103003
-1.696537
-1.220613
-0.694718
-0.140381
0.419703
0.962605
1.466097
1.909567
2.27486
2.547019
2.714903
2.942356
2.897655
2.76491
2.548155
2.253975
1.89131
1.471178
1.006345
0.510935
0.0
-0.510935
-1.006345
-1.471178
-1.89131
-2.253975
-2.548155
-2.76491
-2.897655
-2.942356
-2.897655
-2.76491
-2.548155
-2.253975
-1.89131
-1.471178
-1.006345
-0.510935
-0.0
0.510935
1.006345
1.471178
1.89131
2.253975
2.548155
2.76491
2.897655
3.0
2.964841
2.860189
2.688497
2.453788
2.161565
1.818676
1.433159
1.014051
0.571173
0.114908
-0.34405
-0.794945
-1.227206
-1.630703
-1.995977
-2.314468
-2.578709
-2.782507
-2.921086
-2.991197
-2.991197
-2.921086
-2.782507
-2.578709
-2.314468
-1.995977
-1.630703
-1.227206
-0.794945
-0.34405
0.114908
0.571173
1.014051
1.433159
1.818676
2.161565
2.453788
2.688497
2.860189
2.964841
2.942356
2.897655
2.76491
2.548155
2.253975
1.89131
1.471178
1.006345
0.510935
0.0
-0.510935
-1.006345
-1.471178
-1.89131
-2.253975
-2.548155
-2.76491
-2.897655
-2.942356
-2.897655
-2.76491
-2.548155
-2.253975
-1.89131
-1.471178
-1.006345
-0.510935
-0.0
0.510935
1.006345
1.471178
1.89131
2.253975
2.548155
2.76491
2.897655
2.771639
2.714903
2.547019
2.27486
1.909567
1.466097
0.962605
0.419703
-0.140381
-0.694718
-1.220613
-1.696537
-2.103003
-2.423373
-2.644529
-2.757418
-2.757418
-2.644529
-2.423373
-2.103003
-1.696537
-1.220613
-0.694718
-0.140381
0.419703
0.962605
1.466097
1.909567
2.27486
2.547019
2.714903
2.494409
2.421926
2.208689
1.867092
1.416986
0.88453
0.300668
-0.300668
-0.88453
-1.416986
-1.867092
-2.208689
-2.421926
-2.494409
-2.421926
-2.208689
-1.867092
-1.416986
-0.88453
-0.300668
0.300668
0.88453
1.416986
1.867092
2.208689
2.421926
2.12132
2.027076
1.752717
1.322622
0.775005
0.158526
-0.472038
-1.06066
-1.555038
-1.911244
-2.097627
-2.097627
-1.911244
-1.555038
-1.06066
-0.472038
0.158526
0.775005
1.322622
1.752717
2.027076
1.666711
1.53984
1.178542
0.637823
0.0
-0.637823
-1.178542
-1.53984
-1.666711
-1.53984
-1.178542
-0.637823
-0.0
0.637823
1.178542
1.53984
1.14805
0.965801
0.476917
-0.163385
-0.751813
-1.101546
-1.101546
-0.751813
-0.163385
0.476917
0.965801
0.585271
0.292635
-0.292635
-0.585271
-0.292635
0.292635
0.0
