0.0
0.0
0.50686
0.50686
0.0
-0.50686
-0.50686
0.0
0.620683
1.044303
1.136365
0.867639
0.323443
-0.323443
-0.867639
-1.136365
-1.044303
-0.620683
0.0
0.637823
1.178542
1.53984
1.666711
1.53984
1.178542
0.637823
0.0
-0.637823
-1.178542
-1.53984
-1.666711
-1.53984
-1.178542
-0.637823
0.0
0.62527
1.194982
1.658515
1.974681
2.115389
2.068134
1.837117
1.442864
0.920406
0.316166
-0.316166
-0.920406
-1.442864
-1.837117
-2.068134
-2.115389
-1.974681
-1.658515
-1.194982
-0.62527
0.0
0.596951
1.15921
1.654099
2.052858
2.332313
2.476222
2.476222
2.332313
2.052858
1.654099
1.15921
0.596951
0.0
-0.596951
-1.15921
-1.654099
-2.052858
-2.332313
-2.476222
-2.476222
-2.332313
-2.052858
-1.654099
-1.15921
-0.596951
0.0
0.557927
1.093012
1.583349
2.008864
2.352135
2.59911
2.739677
2.768081
2.68316
2.48839
2.191745
1.805369
1.345082
0.829726
0.280402
-0.280402
-0.829726
-1.345082
-1.805369
-2.191745
-2.48839
-2.68316
-2.768081
-2.739677
-2.59911
-2.352135
-2.008864
-1.583349
-1.093012
-0.557927
0.0
0.510935
1.006345
1.471178
1.89131
2.253975
2.548155
2.76491
2.897655
2.942356
2.897655
2.76491
2.548155
2.253975
1.89131
1.471178
1.006345
0.510935
0.0
-0.510935
-1.006345
-1.471178
-1.89131
-2.253975
-2.548155
-2.76491
-2.897655
-2.942356
-2.897655
-2.76491
-2.548155
-2.253975
-1.89131
-1.471178
-1.006345
-0.510935
0.0
0.457948
0.905162
1.33116
1.725956
2.080298
2.385879
2.635537
2.82342
2.945125
2.997799
2.980206
2.89276
2.737511
2.518096
2.23966
1.908727
1.533056
1.121451
0.683561
0.229648
-0.229648
-0.683561
-1.121451
-1.533056
-1.908727
-2.23966
-2.518096
-2.737511
-2.89276
-2.980206
-2.997799
-2.945125
-2.82342
-2.635537
-2.385879
-2.080298
-1.725956
-1.33116
-0.905162
-0.457948
0.0
0.510935
1.006345
1.471178
1.89131
2.253975
2.548155
2.76491
2.897655
2.942356
2.897655
2.76491
2.548155
2.253975
1.89131
1.471178
1.006345
0.510935
0.0
-0.510935
-1.006345
-1.471178
-1.89131
-2.253975
-2.548155
-2.76491
-2.897655
-2.942356
-2.897655
-2.76491
-2.548155
-2.253975
-1.89131
-1.471178
-1.006345
-0.510935
0.0
0.557927
1.093012
1.583349
2.008864
2.352135
2.59911
2.739677
2.768081
2.68316
2.48839
2.191745
1.805369
1.345082
0.829726
0.280402
-0.280402
-0.829726
-1.345082
-1.805369
-2.191745
-2.48839
-2.68316
-2.768081
-2.739677
-2.59911
-2.352135
-2.008864
-1.583349
-1.093012
-0.557927
0.0
0.596951
1.15921
1.654099
2.052858
2.332313
2.476222
2.476222
2.332313
2.052858
1.654099
1.15921
0.596951
0.0
-0.596951
-1.15921
-1.654099
-2.052858
-2.332313
-2.476222
-2.476222
-2.332313
-2.052858
-1.654099
-1.15921
-0.596951
0.0
0.62527
1.194982
1.658515
1.974681
2.115389
2.068134
1.837117
1.442864
0.920406
0.316166
-0.316166
-0.920406
-1.442864
-1.837117
-2.068134
-2.115389
-1.974681
-1.658515
-1.194982
-0.62527
0.0
0.637823
1.178542
1.53984
1.666711
1.53984
1.178542
0.637823
0.0
-0.637823
-1.178542
-1.53984
-1.666711
-1.53984
-1.178542
-0.637823
0.0
0.620683
1.044303
1.136365
0.867639
0.323443
-0.323443
-0.867639
-1.136365
-1.044303
-0.620683
0.0
0.50686
0.50686
0.0
-0.50686
-0.50686
0.0
