-11.711456
-12.308619
-10.416233
-9.958125
-11.02081
-12.678256
-13.492467
-12.645993
-10.149182
-8.368613
-7.907027
-8.481778
-9.627409
-11.160287
-12.89808
-14.459717
-15.250329
-14.646857
-12.540886
-9.588864
-7.054014
-5.624748
-5.416623
-6.08193
-7.160351
-8.387231
-9.764737
-11.328281
-13.010374
-14.666841
-16.064911
-16.84343
-16.581968
-15.072759
-11.809919
-8.408423
-5.336082
-3.232532
-2.278645
-2.360077
-3.230028
-4.537978
-5.941541
-7.275441
-8.591762
-9.994412
-11.508122
-13.099009
-14.702381
-16.213359
-17.458519
-18.180205
-18.085029
-16.966404
-14.809528
-10.307412
-6.610661
-3.408162
-1.116772
0.254701
0.831268
0.681156
-0.147419
-1.517092
-3.16565
-4.802618
-6.266467
-7.59182
-8.901248
-10.267513
-11.702465
-13.190207
-14.698519
-16.172746
-17.520774
-18.598253
-19.212395
-19.159148
-18.277051
-16.47997
-13.769468
-8.176452
-4.656868
-1.797061
0.257433
1.641535
2.517201
2.953225
2.938416
2.419382
1.3643
-0.15538
-1.940002
-3.730203
-5.333533
-6.723973
-8.003239
-9.271319
-10.572703
-11.916898
-13.297791
-14.698111
-16.085864
-17.406222
-18.572385
-19.462854
-19.933487
-19.842116
-19.068743
-17.516962
-15.112927
-11.880221
-5.9989
-3.041672
-0.728391
0.967776
2.210527
3.126042
3.773064
4.164336
4.279662
4.069304
3.46229
2.402774
0.914893
-0.863765
-2.719778
-4.446733
-5.945154
-7.256554
-8.480751
-9.688748
-10.912058
-12.160843
-13.434252
-14.722592
-16.005362
-17.246761
-18.390334
-19.356222
-20.045328
-20.351154
-20.17269
-19.418249
-17.99703
-15.816639
-12.858079
-9.401408
-4.223964
-1.9036
-0.094274
1.293521
2.380932
3.247332
3.932494
4.451979
4.805914
4.981434
4.95083
4.667793
4.068419
3.09168
1.726686
0.051816
-1.777567
-3.576767
-5.199086
-6.603445
-7.848175
-9.013948
-10.153998
-11.294668
-12.447181
-13.613696
-14.788756
-15.958288
-17.097156
-18.166127
-19.1101
-19.859695
-20.337139
-20.46392
-20.165132
-19.366328
-17.985039
-15.936998
-13.219421
-10.092993
-7.002893
-2.927927
-0.722547
0.936802
2.213959
3.225397
4.027256
4.641034
5.068697
5.296956
5.293909
4.999472
4.316336
3.131369
1.406822
-0.726626
-3.001205
-5.124395
-6.935598
-8.484122
-9.89686
-11.259162
-12.611156
-13.966674
-15.320297
-16.646611
-17.895787
-18.989633
-19.823493
-20.276751
-20.225837
-19.546893
-18.103343
-15.757121
-12.553577
-9.020605
-5.735792
-2.020133
0.096107
1.668618
2.88214
3.832466
4.555796
5.058065
5.324613
5.315759
4.948782
4.073496
2.505045
0.21547
-2.513731
-5.225473
-7.551977
-9.478033
-11.18503
-12.801053
-14.378498
-15.916699
-17.3656
-18.621325
-19.52839
-19.897619
-19.526956
-18.19888
-15.695315
-12.109446
-8.267566
-4.836102
-1.3927
0.68624
2.211043
3.366971
4.229218
4.813963
5.103527
5.041569
4.498569
3.224007
0.960636
-2.143224
-5.494727
-8.455879
-10.852741
-12.902484
-14.767836
-16.472997
-17.915485
-18.878723
-19.065799
-18.135789
-15.740268
-11.939475
-7.838852
-4.249698
-0.976259
1.112163
2.597183
3.658435
4.344843
4.63389
4.430542
3.496163
1.40948
-1.945831
-5.908476
-9.567512
-12.478359
-14.785129
-16.561431
-17.603479
-17.480515
-15.658346
-11.988882
-7.711271
-3.934333
-0.746686
1.385066
2.790622
3.62518
3.864193
3.311758
1.486198
-1.990891
-6.394998
-10.511101
-13.476854
-14.996696
-14.626861
-11.923217
-7.820206
-3.875136
-0.724479
1.443507
2.564108
2.621273
1.15863
-2.319601
-6.69274
-9.904848
-10.336373
-7.820946
-4.059112
-0.981617
0.916292
0.381165
-2.831565
-5.498644
-4.207315
-1.64312
