-8.35568491758
-6.91940364764
-7.32954418421
-9.08454193782
-10.5468029164
-10.2674001989
-8.39267806208
-6.89668996723
-6.89790919131
-7.72684733865
-9.11543323405
-10.7207345195
-12.1146339543
-12.8479406597
-12.6016996119
-11.3692562589
-9.55261070272
-7.85380336976
-8.28083736158
-8.2156631283
-8.48596274349
-9.04086453912
-9.86369718903
-10.9021113159
-12.0350483993
-13.0920222748
-13.887287682
-14.2553000423
-14.0917007071
-13.3919590735
-12.2694036227
-10.9442130531
-9.69475653707
-8.76656612093
-10.1805498777
-10.1840951711
-10.5662517871
-11.3996033829
-12.6218463276
-13.8451787251
-14.5669951171
-14.4218801351
-13.4077639488
-11.9610680116
-10.7436012386
-11.7834032795
-11.8974766649
-12.8343917352
-13.9338837079
-13.8587237166
-12.6335163478
-13.0299649435
