3.274994973
3.07635582739
2.68563686221
2.43606559358
2.71480734897
3.18165103746
3.2869669012
2.15487220753
1.80333885369
1.37804204337
1.04483404394
0.997293195915
1.30907368113
1.85688393549
2.36343863601
2.601748402
2.57010103886
2.40092763154
0.782509992497
0.480892121802
0.112320590909
-0.261091848732
-0.550079116945
-0.679031591662
-0.60502850843
-0.325461400979
0.112405720974
0.609162652107
1.03945912564
1.30677905325
1.38752808331
1.32631541669
1.18848730684
1.01004678297
-0.692430174736
-1.15986053488
-1.67501340926
-2.00247484566
-1.98126957418
-1.59254939533
-0.979318018453
-0.42360514316
-0.156621952735
-0.182341522723
-0.376158416263
-1.91446242605
-2.47010120352
-2.69661084546
-2.27298870816
-1.69590426087
-1.58266238883
-2.50750048029
