-0.144896594014
-0.929420518721
0.703182217143
1.42175941313
0.53815567137
-1.1711224789
-1.92390545476
-1.81511708244
-0.184933249546
1.31512968736
2.26628640782
2.39425240297
1.63522110344
0.167191695309
-1.57777398722
-2.99840127698
-3.56489904911
-3.09309528725
-2.66157194659
-1.33162483203
0.0504856562217
1.28174940418
2.17772722823
2.61177718484
2.52801052829
1.9348834917
0.900601371876
-0.441896723694
-1.89366537335
-3.21383448839
-4.17056513391
-4.59857260628
-4.44097021858
-3.75243653691
-3.06429655026
-1.28098225754
0.468334408632
1.60543581963
1.79039506128
0.985253415569
-0.588390703339
-2.46100420106
-4.0057484026
-4.69281667808
-4.32742444677
-2.76593001369
-0.813023632896
0.182203366388
-0.761273116539
-2.71785086327
-3.71616242741
-1.89236715965
