-0.077075 
-0.028934 
-0.061363 
-0.090576 
-0.027928 
-0.064638 
-0.096067 
-0.028161 
-0.063313 
-0.062737 
-0.033203 
-0.062677 
-0.063566 
-0.032058 
-0.059876 
-0.072453 
-0.029835 
-0.065875 
-0.015832 
-0.045795 
-0.017584 
-0.020981 
-0.047892 
-0.025650 
-0.005574 
-0.040693 
-0.005253 
-0.010650 
-0.043422 
-0.010792 
-0.011582 
-0.038001 
-0.020630 
-0.006856 
-0.030193 
-0.024510 
-0.012953 
-0.032919 
-0.030731 
 0.003498 
-0.034395 
 0.002448 
-0.000650 
-0.037681 
-0.000709 
 0.006382 
-0.030844 
 0.003903 
 0.007977 
-0.026013 
-0.004608 
 0.009259 
-0.021022 
-0.013458 
-0.001498 
-0.021964 
-0.029318 
 0.004081 
-0.013419 
-0.034591 
-0.003408 
-0.016903 
-0.039074 
 0.010341 
-0.015658 
-0.022586 
 0.010732 
-0.010069 
-0.031442 
 0.009869 
-0.003950 
-0.040677 
 0.007010 
 0.002619 
-0.050438 
-0.000623 
-0.032545 
-0.010082 
 0.004768 
-0.024163 
-0.015940 
-0.000792 
-0.027299 
-0.019705 
-0.099685 
-0.024829 
-0.061555 
-0.098086 
-0.018269 
-0.058868 
-0.071931 
-0.016542 
-0.061481 
-0.068383 
-0.007388 
-0.061806 
-0.083927 
-0.013294 
-0.060455 
-0.096909 
-0.010718 
-0.057015 
-0.095703 
-0.001958 
-0.056162 
-0.039087 
-0.004764 
-0.061263 
-0.031925 
 0.008013 
-0.063193 
-0.050820 
-0.000168 
-0.062952 
-0.001018 
 0.010814 
-0.059217 
-0.011309 
 0.017334 
-0.062416 
-0.023310 
 0.023198 
-0.064453 
-0.036873 
 0.028131 
-0.065293 
-0.094424 
 0.008867 
-0.056522 
-0.091880 
 0.021365 
-0.057598 
-0.052648 
 0.032276 
-0.064845 
-0.069480 
 0.034990 
-0.062843 
-0.086622 
 0.035971 
-0.058824 
-0.064435 
 0.003593 
-0.063038 
-0.059318 
 0.016781 
-0.064195 
-0.079093 
 0.006662 
-0.060932 
-0.026446 
-0.042759 
-0.035175 
-0.019901 
-0.028484 
-0.039779 
-0.023339 
-0.035639 
-0.036972 
-0.035144 
-0.037099 
-0.041656 
-0.045175 
-0.032704 
-0.047480 
-0.011774 
-0.012275 
-0.048563 
-0.015943 
-0.020657 
-0.043805 
-0.007409 
-0.002483 
-0.054558 
-0.024945 
-0.008651 
-0.056028 
-0.041555 
-0.014094 
-0.057315 
-0.057459 
-0.029492 
-0.053016 
-0.071027 
-0.027595 
-0.057637 
-0.057929 
-0.019071 
-0.058655 
-0.072691 
-0.023220 
-0.060044 
-0.086900 
-0.026913 
-0.061787 
-0.030267 
-0.024262 
-0.046837 
-0.042947 
-0.021050 
-0.053139 
-0.044210 
-0.027188 
-0.049932 
-0.003979 
 0.016841 
 0.004421 
-0.002582 
 0.007042 
 0.013786 
-0.005898 
 0.027650 
-0.013996 
-0.005450 
 0.026273 
-0.005185 
-0.015315 
 0.017725 
 0.005958 
-0.026826 
 0.018489 
 0.008741 
-0.024583 
 0.008338 
 0.018674 
-0.006231 
 0.023003 
-0.028857 
-0.006141 
 0.025696 
-0.022103 
-0.006398 
 0.015825 
-0.037926 
-0.006340 
 0.019697 
-0.034255 
-0.016361 
 0.023693 
-0.029250 
-0.026393 
 0.024294 
-0.029230 
-0.027696 
 0.027279 
-0.021293 
-0.039166 
 0.019330 
 0.012737 
-0.047818 
 0.023168 
 0.016916 
-0.045327 
 0.012307 
 0.028211 
-0.040957 
 0.030405 
-0.009671 
-0.048296 
 0.033979 
-0.007609 
-0.050427 
 0.033463 
 0.004920 
-0.051464 
 0.031394 
 0.017932 
-0.053483 
 0.039919 
 0.016122 
-0.052694 
 0.030081 
 0.029072 
-0.017518 
 0.028755 
-0.013467 
-0.029242 
 0.029647 
-0.011979 
-0.029657 
 0.028540 
-0.001650 
-0.006838 
 0.006252 
-0.040272 
-0.006859 
 0.011068 
-0.040292 
-0.006206 
-0.004218 
-0.030430 
-0.006565 
 0.000960 
-0.035951 
-0.015042 
 0.005770 
-0.041823 
-0.022811 
 0.005043 
-0.043414 
-0.023862 
 0.010295 
-0.043483 
-0.005602 
-0.014563 
-0.018530 
-0.005919 
-0.009460 
-0.024566 
-0.005337 
-0.025080 
-0.006071 
-0.005383 
-0.019815 
-0.012214 
-0.011520 
-0.015339 
-0.019740 
-0.016988 
-0.016243 
-0.021182 
-0.018514 
-0.011132 
-0.027206 
-0.030312 
 0.004000 
-0.045170 
-0.030891 
 0.004337 
-0.047581 
-0.033232 
 0.010427 
-0.047853 
-0.026353 
-0.007017 
-0.034847 
-0.026190 
-0.006988 
-0.038007 
-0.028570 
-0.001479 
-0.043006 
-0.028137 
 0.005126 
-0.051309 
-0.023614 
 0.005910 
-0.056146 
-0.026825 
 0.013232 
-0.056417 
-0.013369 
-0.004993 
-0.031705 
-0.020128 
-0.005932 
-0.033111 
-0.021609 
-0.000523 
-0.038611 
-0.053846 
 0.050698 
 0.010029 
-0.050717 
 0.059782 
 0.001611 
-0.053500 
 0.050118 
 0.018460 
-0.046466 
 0.055661 
-0.022005 
-0.040212 
 0.062054 
-0.031528 
-0.047287 
 0.067833 
-0.015750 
-0.044263 
 0.069048 
-0.009998 
-0.033892 
 0.077975 
-0.024348 
-0.041875 
 0.070734 
-0.005072 
-0.034495 
 0.040887 
-0.046826 
-0.027014 
 0.044473 
-0.055729 
-0.033192 
 0.053671 
-0.045293 
-0.024800 
 0.023620 
-0.060425 
-0.016932 
 0.025140 
-0.067895 
-0.021608 
 0.034897 
-0.063372 
-0.016779 
 0.047865 
-0.066210 
-0.003827 
 0.050855 
-0.077571 
-0.009702 
 0.062559 
-0.069435 
-0.018420 
 0.084888 
-0.040359 
 0.000536 
 0.081557 
-0.050209 
-0.011934 
 0.079570 
-0.032692 
 0.000483 
 0.074967 
-0.069339 
 0.018316 
 0.068864 
-0.074120 
 0.012376 
 0.081619 
-0.065729 
 0.020111 
 0.074403 
-0.057227 
 0.038302 
 0.062624 
-0.058771 
 0.026138 
 0.065837 
-0.047818 
-0.030578 
 0.068688 
-0.044135 
-0.016780 
 0.074423 
-0.058425 
-0.025175 
 0.083839 
-0.043792 
-0.016079 
 0.016196 
-0.040469 
-0.034133 
 0.015504 
-0.043553 
-0.025331 
 0.015951 
-0.041981 
-0.026271 
 0.020844 
-0.037148 
-0.037821 
 0.025173 
-0.030532 
-0.034747 
 0.019306 
-0.049306 
-0.036508 
 0.017017 
-0.045795 
-0.030994 
 0.021590 
-0.054465 
-0.035252 
 0.029530 
-0.048687 
-0.039972 
 0.036965 
-0.040020 
-0.046264 
 0.032222 
-0.020421 
-0.051493 
 0.042117 
-0.009457 
-0.045349 
 0.043800 
-0.028217 
-0.050877 
 0.049385 
-0.014342 
-0.055682 
 0.051512 
 0.001374 
-0.039648 
 0.022982 
-0.040107 
-0.042675 
 0.032673 
-0.034631 
-0.042948 
 0.028165 
-0.031494 
-0.006091 
-0.040181 
 0.007099 
-0.005717 
-0.034345 
 0.002332 
-0.006822 
-0.044253 
 0.007529 
-0.006498 
-0.043241 
 0.008453 
-0.008605 
-0.042407 
 0.006785 
-0.010030 
-0.042682 
 0.004490 
-0.010898 
-0.041191 
 0.004279 
-0.007518 
-0.046963 
 0.004683 
-0.007166 
-0.045608 
 0.006232 
-0.006815 
-0.046171 
-0.003785 
-0.007639 
-0.047881 
 0.001969 
-0.007622 
-0.047013 
 0.001783 
-0.005654 
-0.044575 
-0.004275 
-0.007721 
-0.046270 
 0.001215 
-0.010531 
-0.043311 
 0.002162 
-0.006754 
-0.042863 
-0.003491 
-0.008380 
-0.042112 
-0.002911 
-0.007902 
-0.045543 
 0.000088 
-0.002440 
-0.042553 
-0.008909 
-0.005195 
-0.043956 
-0.004410 
-0.001408 
-0.042281 
-0.010165 
 0.005714 
-0.039368 
-0.020030 
 0.002527 
-0.040926 
-0.016269 
-0.008132 
-0.044745 
 0.005096 
-0.008467 
-0.045106 
 0.002625 
-0.009271 
-0.043967 
 0.003746 
-0.005167 
-0.042078 
-0.015995 
-0.005995 
-0.044339 
-0.010223 
-0.003488 
-0.037005 
-0.027583 
-0.004334 
-0.039656 
-0.021819 
-0.002078 
-0.038628 
-0.022055 
 0.001814 
-0.035129 
-0.028171 
 0.000179 
-0.037720 
-0.022632 
-0.001709 
-0.030955 
-0.038086 
-0.002667 
-0.034272 
-0.033617 
 0.000819 
-0.020946 
-0.039123 
-0.000430 
-0.026119 
-0.038628 
 0.003081 
-0.025198 
-0.038623 
 0.008013 
-0.019343 
-0.039484 
 0.006582 
-0.024427 
-0.038992 
 0.006435 
-0.031782 
-0.034739 
 0.012320 
-0.027785 
-0.041268 
 0.010124 
-0.030772 
-0.036871 
 0.010037 
-0.023872 
-0.039815 
 0.015460 
-0.018222 
-0.042202 
 0.013992 
-0.023142 
-0.041771 
 0.019010 
-0.022214 
-0.044913 
 0.025790 
-0.016951 
-0.048867 
 0.024225 
-0.021408 
-0.048490 
 0.000387 
-0.033499 
-0.033758 
 0.005119 
-0.029403 
-0.038666 
 0.003480 
-0.032665 
-0.034112 
 0.013999 
-0.036122 
-0.031585 
 0.021745 
-0.032863 
-0.042166 
 0.018105 
-0.035282 
-0.037791 
 0.020624 
-0.031530 
-0.040735 
 0.028161 
-0.028504 
-0.050571 
 0.025130 
-0.030636 
-0.046472 
 0.029575 
-0.029979 
-0.053069 
 0.037438 
-0.027471 
-0.064356 
 0.034007 
-0.029598 
-0.060665 
 0.026145 
-0.027380 
-0.049569 
 0.034030 
-0.024548 
-0.058518 
 0.031163 
-0.026596 
-0.054870 
 0.030232 
-0.020963 
-0.053400 
 0.036881 
-0.016160 
-0.058128 
 0.035633 
-0.020418 
-0.058352 
 0.041023 
-0.020003 
-0.064182 
 0.047900 
-0.015617 
-0.070557 
 0.046332 
-0.019728 
-0.071060 
 0.046399 
-0.025386 
-0.073900 
 0.056033 
-0.023316 
-0.080008 
 0.052236 
-0.024678 
-0.075909 
 0.051893 
-0.019566 
-0.078153 
 0.059368 
-0.015185 
-0.080724 
 0.057863 
-0.019230 
-0.080324 
 0.063571 
-0.018228 
-0.081622 
 0.069972 
-0.013090 
-0.082437 
 0.068686 
-0.016387 
-0.081367 
 0.036313 
-0.026187 
-0.061399 
 0.044752 
-0.023990 
-0.072076 
 0.041263 
-0.025836 
-0.068780 
-0.004827 
-0.044413 
-0.010375 
 0.002337 
-0.037851 
-0.023564 
-0.001631 
-0.041184 
-0.016919 
-0.003631 
-0.043671 
-0.010674 
-0.002597 
-0.043022 
-0.011358 
 0.015509 
-0.029960 
-0.041062 
 0.008288 
-0.033938 
-0.032031 
 0.023287 
-0.026234 
-0.049328 
 0.020965 
-0.028760 
-0.045261 
 0.018517 
-0.030998 
-0.040517 
 0.000680 
-0.041527 
-0.015046 
 0.005058 
-0.039722 
-0.020196 
 0.015872 
-0.033378 
-0.035726 
 0.012943 
-0.035734 
-0.030905 
 0.009639 
-0.038144 
-0.025902 
 0.006024 
-0.036680 
-0.026495 
 0.010907 
-0.034965 
-0.030877 
 0.003496 
-0.039241 
-0.020821 
 0.064404 
 0.047717 
-0.058325 
 0.077077 
 0.037034 
-0.053204 
 0.059567 
 0.047732 
-0.049840 
 0.086211 
 0.022081 
-0.058771 
 0.095979 
 0.013733 
-0.051440 
 0.092470 
 0.025643 
-0.052822 
 0.087818 
 0.027297 
-0.046482 
 0.096590 
 0.018527 
-0.038615 
 0.082127 
 0.028697 
-0.039410 
 0.090885 
 0.000521 
-0.057113 
 0.099200 
-0.004876 
-0.051298 
 0.097916 
 0.003524 
-0.050912 
 0.094786 
-0.014693 
-0.059122 
 0.099650 
-0.016479 
-0.057858 
 0.100830 
-0.012006 
-0.052996 
 0.107290 
-0.009710 
-0.045789 
 0.110240 
-0.012579 
-0.042685 
 0.113972 
-0.007827 
-0.037725 
 0.104488 
 0.010560 
-0.029949 
 0.110796 
 0.003600 
-0.021165 
 0.097407 
 0.012834 
-0.023485 
 0.120787 
-0.006415 
-0.028529 
 0.116135 
-0.009181 
-0.024079 
 0.123379 
-0.005026 
-0.019384 
 0.111697 
-0.001790 
-0.013506 
 0.104074 
-0.004505 
-0.008947 
 0.100766 
 0.001079 
-0.007595 
 0.105634 
 0.006231 
-0.044120 
 0.113670 
-0.000511 
-0.036249 
 0.111260 
 0.008338 
-0.036379 
 0.095432 
-0.020814 
-0.069434 
 0.101038 
-0.019910 
-0.071279 
 0.100579 
-0.019191 
-0.065310 
 0.087215 
-0.018321 
-0.072867 
 0.093479 
-0.016921 
-0.075605 
 0.096788 
-0.018290 
-0.073282 
 0.107055 
-0.018617 
-0.073607 
 0.113316 
-0.017068 
-0.076185 
 0.110592 
-0.017259 
-0.068057 
 0.083417 
-0.016903 
-0.078581 
 0.089936 
-0.015631 
-0.081481 
 0.091583 
-0.016084 
-0.078728 
 0.079357 
-0.014343 
-0.083027 
 0.082605 
-0.010527 
-0.084087 
 0.085859 
-0.013041 
-0.082885 
 0.092989 
-0.011957 
-0.082828 
 0.095648 
-0.008249 
-0.084075 
 0.100802 
-0.011116 
-0.082938 
 0.121221 
-0.015550 
-0.079626 
 0.126226 
-0.013668 
-0.080970 
 0.118875 
-0.013699 
-0.069756 
 0.109685 
-0.010463 
-0.083267 
 0.111536 
-0.006630 
-0.084767 
 0.118997 
-0.010052 
-0.083622 
 0.124161 
-0.009452 
-0.080346 
 0.122345 
-0.005279 
-0.079858 
 0.118854 
-0.007972 
-0.068738 
 0.101188 
-0.015697 
-0.079392 
 0.107894 
-0.014293 
-0.082035 
 0.111171 
-0.015528 
-0.079707 
 0.098972 
-0.005791 
-0.004722 
 0.095057 
-0.006022 
-0.001605 
 0.089680 
-0.003267 
 0.000504 
 0.105729 
-0.008989 
-0.013558 
 0.104463 
-0.008014 
-0.011291 
 0.102203 
-0.007864 
-0.004215 
 0.092302 
-0.005701 
 0.001261 
 0.090214 
-0.005074 
 0.003998 
 0.082899 
-0.003709 
 0.006668 
 0.109720 
-0.008781 
-0.032110 
 0.109822 
-0.007433 
-0.031213 
 0.107153 
-0.007829 
-0.020640 
 0.114443 
-0.006582 
-0.056153 
 0.112558 
-0.003382 
-0.057257 
 0.110511 
-0.005708 
-0.044442 
 0.106790 
-0.005031 
-0.032677 
 0.104149 
-0.002462 
-0.034094 
 0.103189 
-0.004519 
-0.021043 
 0.089048 
-0.004343 
 0.006908 
 0.087221 
-0.003548 
 0.008491 
 0.079211 
-0.002775 
 0.012548 
 0.099411 
-0.004089 
-0.009295 
 0.096134 
-0.002075 
-0.011177 
 0.093812 
-0.003524 
 0.000553 
 0.083906 
-0.002435 
 0.006222 
 0.080993 
-0.001059 
 0.004109 
 0.074441 
-0.001484 
 0.011798 
 0.105035 
-0.007084 
-0.009181 
 0.103791 
-0.005939 
-0.007564 
 0.100074 
-0.006121 
 0.001030 
 0.106955 
-0.017577 
-0.059753 
 0.113591 
-0.015752 
-0.059987 
 0.111203 
-0.017185 
-0.060159 
 0.111426 
-0.015852 
-0.051450 
 0.113788 
-0.013976 
-0.041770 
 0.117168 
-0.011943 
-0.058276 
 0.115043 
-0.013754 
-0.059113 
 0.118679 
-0.010086 
-0.057012 
 0.114013 
-0.010267 
-0.045407 
 0.110346 
-0.010306 
-0.034810 
 0.114120 
-0.011931 
-0.031176 
 0.114033 
-0.010308 
-0.020675 
 0.109151 
-0.010332 
-0.025305 
 0.110117 
-0.010030 
-0.017072 
 0.111816 
-0.008778 
-0.010745 
 0.112358 
-0.013679 
-0.048780 
 0.110824 
-0.011848 
-0.037065 
 0.112031 
-0.013201 
-0.039402 
-0.010437 
-0.031796 
-0.004767 
-0.015534 
-0.039011 
-0.002719 
-0.013635 
-0.035546 
-0.003409 
-0.016086 
-0.026704 
-0.012954 
-0.022939 
-0.022086 
-0.021787 
-0.005893 
-0.042175 
-0.011950 
-0.011508 
-0.041066 
-0.006564 
 0.006731 
-0.042802 
-0.025535 
 0.000260 
-0.042794 
-0.018328 
-0.002267 
-0.035308 
-0.024493 
 0.001877 
-0.029077 
-0.037000 
-0.005843 
-0.028010 
-0.031518 
-0.024493 
-0.016267 
-0.033510 
-0.023958 
-0.009969 
-0.044950 
-0.010528 
-0.020310 
-0.039480 
-0.006426 
-0.014410 
-0.051601 
-0.015884 
-0.012240 
-0.047743 
-0.021913 
-0.003007 
-0.056595 
-0.017358 
 0.004642 
-0.068522 
-0.015024 
-0.032884 
-0.014571 
-0.013136 
-0.026526 
-0.027183 
-0.019451 
-0.024640 
-0.023704 
 0.025162 
-0.037092 
-0.051025 
 0.016092 
-0.040838 
-0.037916 
 0.044374 
-0.029351 
-0.070523 
 0.034238 
-0.033309 
-0.064275 
 0.032821 
-0.031896 
-0.061425 
 0.043141 
-0.027526 
-0.064785 
 0.031848 
-0.030337 
-0.059506 
 0.065014 
-0.022598 
-0.081595 
 0.054932 
-0.025697 
-0.076588 
 0.075420 
-0.019917 
-0.085675 
 0.075404 
-0.019677 
-0.081838 
 0.076051 
-0.019694 
-0.078306 
 0.055412 
-0.024343 
-0.067724 
 0.068745 
-0.022404 
-0.069842 
 0.056929 
-0.023838 
-0.066317 
 0.077722 
-0.020178 
-0.075456 
 0.080257 
-0.020874 
-0.073236 
 0.083859 
-0.021627 
-0.071628 
 0.088754 
-0.022093 
-0.070803 
 0.054524 
-0.025292 
-0.073058 
 0.065597 
-0.022182 
-0.074557 
 0.054665 
-0.024869 
-0.070137 
-0.009740 
 0.016158 
-0.081630 
-0.001858 
 0.028478 
-0.089655 
 0.029027 
 0.006120 
-0.090304 
 0.039604 
 0.012337 
-0.088940 
 0.020132 
 0.022197 
-0.094561 
 0.008867 
 0.041705 
-0.096733 
 0.020779 
 0.048686 
-0.092808 
 0.062657 
-0.007760 
-0.080143 
 0.073486 
-0.003912 
-0.075993 
 0.057796 
 0.003475 
-0.082657 
 0.090868 
-0.018043 
-0.070189 
 0.087882 
-0.010261 
-0.069416 
 0.085107 
-0.001109 
-0.069602 
 0.082190 
 0.009707 
-0.070660 
 0.034771 
 0.054280 
-0.087544 
 0.049641 
 0.057366 
-0.081037 
 0.078580 
 0.023308 
-0.072305 
 0.073415 
 0.039195 
-0.073637 
 0.064680 
 0.057702 
-0.073418 
 0.052038 
 0.017324 
-0.085794 
 0.065115 
 0.021029 
-0.080026 
 0.044692 
 0.034242 
-0.087929 
 0.013418 
-0.037115 
-0.040125 
 0.031423 
-0.026681 
-0.062551 
 0.020996 
-0.031381 
-0.054469 
 0.011451 
-0.030619 
-0.045754 
 0.008788 
-0.023922 
-0.052149 
 0.060031 
-0.020918 
-0.069867 
 0.045042 
-0.023105 
-0.066809 
 0.077311 
-0.020088 
-0.072326 
 0.062874 
-0.015785 
-0.075543 
 0.047870 
-0.011063 
-0.079195 
 0.005357 
-0.016321 
-0.059731 
 0.001505 
-0.007852 
-0.067631 
 0.031371 
-0.005564 
-0.083347 
 0.014373 
-0.000626 
-0.083404 
-0.002817 
 0.002407 
-0.076480 
 0.031747 
-0.020863 
-0.068297 
 0.031654 
-0.013952 
-0.075127 
 0.018251 
-0.018355 
-0.067306 
 0.082009 
 0.000441 
 0.002329 
 0.072764 
 0.000707 
 0.008130 
 0.097874 
 0.000003 
-0.013776 
 0.091657 
 0.000070 
-0.003524 
 0.079523 
 0.001926 
 0.000604 
 0.077145 
 0.003126 
-0.000886 
 0.068406 
 0.002733 
 0.005044 
 0.107730 
 0.000138 
-0.038354 
 0.103047 
 0.000118 
-0.026180 
 0.117795 
-0.000254 
-0.062933 
 0.112714 
 0.000042 
-0.050721 
 0.106170 
 0.002797 
-0.040775 
 0.104643 
 0.005199 
-0.042933 
 0.099016 
 0.004601 
-0.030442 
 0.075326 
 0.003892 
-0.002214 
 0.071215 
 0.002218 
-0.002956 
 0.063449 
 0.001330 
 0.002952 
 0.090996 
 0.005382 
-0.019401 
 0.085759 
 0.004308 
-0.019755 
 0.079161 
 0.003121 
-0.008781 
 0.064817 
-0.001910 
-0.003577 
 0.058245 
-0.006514 
-0.004287 
 0.052645 
-0.007927 
 0.000551 
 0.096077 
 0.002142 
-0.016046 
 0.093633 
 0.004001 
-0.017956 
 0.086871 
 0.003503 
-0.006965 
 0.131999 
-0.001726 
-0.089518 
 0.125221 
-0.000758 
-0.077255 
 0.118536 
-0.003371 
-0.092495 
 0.127624 
-0.002501 
-0.093050 
 0.133690 
 0.002103 
-0.093833 
 0.133460 
 0.005369 
-0.096321 
 0.127160 
 0.006278 
-0.085472 
 0.102757 
-0.005461 
-0.092097 
 0.110337 
-0.004365 
-0.092359 
 0.089821 
-0.007976 
-0.092289 
 0.096035 
-0.006675 
-0.092192 
 0.102453 
-0.002233 
-0.093599 
 0.102019 
 0.000698 
-0.095065 
 0.108793 
 0.001851 
-0.095221 
 0.131228 
 0.008155 
-0.097129 
 0.119786 
 0.008585 
-0.091415 
 0.118311 
 0.009605 
-0.085200 
 0.114988 
 0.005631 
-0.096623 
 0.105262 
 0.006495 
-0.091536 
 0.112305 
 0.007471 
-0.091550 
 0.106229 
 0.008477 
-0.085028 
 0.092354 
 0.008683 
-0.079322 
 0.091466 
 0.008024 
-0.074409 
 0.118258 
 0.000056 
-0.094718 
 0.116992 
 0.003064 
-0.096058 
 0.125550 
 0.004243 
-0.096633 
 0.051423 
-0.012444 
-0.005407 
 0.043648 
-0.018589 
-0.006162 
 0.041168 
-0.020104 
-0.002006 
 0.059696 
-0.007793 
-0.021013 
 0.048895 
-0.012784 
-0.021111 
 0.045691 
-0.016758 
-0.010071 
 0.033127 
-0.025807 
-0.007122 
 0.019322 
-0.033186 
-0.007871 
 0.020861 
-0.035838 
-0.004662 
 0.068153 
-0.000696 
-0.044301 
 0.054659 
-0.003902 
-0.043132 
 0.051921 
-0.008360 
-0.032776 
 0.074277 
 0.005254 
-0.062998 
 0.060381 
 0.004461 
-0.060452 
 0.057511 
 0.000418 
-0.052501 
 0.040096 
-0.006596 
-0.042397 
 0.024243 
-0.008352 
-0.041862 
 0.021497 
-0.015733 
-0.032353 
 0.004069 
-0.039837 
-0.008190 
-0.006356 
-0.042632 
-0.009171 
-0.003334 
-0.047491 
-0.005964 
 0.003997 
-0.026571 
-0.021933 
-0.007310 
-0.027733 
-0.022626 
-0.010310 
-0.036889 
-0.012295 
-0.017951 
-0.043834 
-0.009497 
-0.030193 
-0.043073 
-0.009104 
-0.025999 
-0.049618 
-0.005250 
 0.035003 
-0.018354 
-0.021601 
 0.018722 
-0.023306 
-0.021740 
 0.016639 
-0.030144 
-0.011012 
 0.121597 
 0.003197 
-0.069106 
 0.121932 
 0.009480 
-0.076616 
 0.121913 
 0.006469 
-0.073154 
 0.114711 
 0.006060 
-0.058737 
 0.107061 
 0.007716 
-0.047656 
 0.103257 
 0.008655 
-0.071974 
 0.114997 
 0.009895 
-0.075752 
 0.089527 
 0.006882 
-0.067587 
 0.086222 
 0.005171 
-0.057970 
 0.081703 
 0.002662 
-0.046524 
 0.094656 
 0.005772 
-0.034151 
 0.079766 
 0.000820 
-0.020678 
 0.076079 
-0.000424 
-0.033718 
 0.070613 
-0.003280 
-0.021038 
 0.065310 
-0.005621 
-0.009508 
 0.107952 
 0.008753 
-0.062229 
 0.091748 
 0.005106 
-0.047354 
 0.101294 
 0.007311 
-0.048279 
 0.078935 
-0.011970 
-0.096028 
 0.083932 
-0.010444 
-0.095616 
 0.065855 
-0.012979 
-0.092093 
 0.072797 
-0.012764 
-0.094690 
 0.077540 
-0.008210 
-0.097303 
 0.074948 
-0.003753 
-0.097594 
 0.081854 
-0.003707 
-0.100020 
 0.052598 
-0.013370 
-0.075923 
 0.059185 
-0.013223 
-0.084049 
 0.039500 
-0.013789 
-0.063330 
 0.046055 
-0.013574 
-0.069153 
 0.049433 
-0.008468 
-0.071419 
 0.045654 
-0.003079 
-0.067580 
 0.052761 
-0.003408 
-0.074031 
 0.072147 
 0.000974 
-0.095155 
 0.062696 
 0.005622 
-0.083326 
 0.070812 
 0.005118 
-0.092986 
 0.056284 
 0.001757 
-0.077305 
 0.047678 
 0.007134 
-0.068429 
 0.055050 
 0.006327 
-0.075320 
 0.052051 
 0.011207 
-0.071646 
 0.041768 
 0.017873 
-0.061372 
 0.048634 
 0.016606 
-0.068158 
 0.063775 
-0.008492 
-0.087878 
 0.060446 
-0.003602 
-0.082222 
 0.068125 
-0.003716 
-0.091589 
 0.026234 
-0.014854 
-0.054103 
 0.032541 
-0.014473 
-0.058335 
 0.015392 
-0.015836 
-0.048131 
 0.020202 
-0.015364 
-0.050469 
 0.022104 
-0.009116 
-0.051444 
 0.018787 
-0.002746 
-0.049972 
 0.023853 
-0.002766 
-0.052588 
 0.006806 
-0.017350 
-0.046867 
 0.011146 
-0.016567 
-0.047305 
-0.001836 
-0.019517 
-0.047385 
 0.002423 
-0.018370 
-0.046967 
 0.003868 
-0.011646 
-0.047711 
 0.000818 
-0.005729 
-0.049062 
 0.005272 
-0.004737 
-0.048595 
 0.016004 
 0.003812 
-0.050206 
 0.011909 
 0.009709 
-0.048415 
 0.016271 
 0.010114 
-0.048909 
 0.006743 
 0.002535 
-0.049737 
 0.003069 
 0.008136 
-0.049308 
 0.007468 
 0.009051 
-0.048645 
 0.007459 
 0.015106 
-0.044927 
 0.003932 
 0.020650 
-0.042059 
 0.007418 
 0.021503 
-0.041407 
 0.012944 
-0.010018 
-0.048405 
 0.009958 
-0.003824 
-0.048833 
 0.014586 
-0.003147 
-0.049360 
 0.032035 
 0.026498 
-0.052480 
 0.023354 
 0.035321 
-0.044323 
 0.029149 
 0.032954 
-0.050028 
 0.020313 
 0.030772 
-0.042053 
 0.014106 
 0.039303 
-0.035538 
 0.018164 
 0.037732 
-0.039341 
 0.015917 
 0.044966 
-0.037048 
 0.010435 
 0.054207 
-0.031182 
 0.013641 
 0.052387 
-0.035233 
 0.013339 
 0.031471 
-0.037711 
 0.009830 
 0.037450 
-0.034671 
 0.012097 
 0.038521 
-0.034870 
 0.007519 
 0.029199 
-0.038021 
 0.004832 
 0.034638 
-0.036087 
 0.007395 
 0.036206 
-0.035141 
 0.007240 
 0.043394 
-0.032652 
 0.005631 
 0.049140 
-0.031529 
 0.007059 
 0.050641 
-0.030671 
 0.008133 
 0.058949 
-0.028892 
 0.006639 
 0.061384 
-0.027090 
 0.006435 
 0.061834 
-0.027216 
 0.006829 
 0.057345 
-0.029202 
 0.006100 
 0.059748 
-0.028545 
 0.006441 
 0.060605 
-0.027580 
 0.005643 
 0.062490 
-0.026169 
 0.005689 
 0.062531 
-0.026110 
 0.004407 
 0.062490 
-0.025296 
 0.010883 
 0.046170 
-0.032627 
 0.008404 
 0.052386 
-0.030463 
 0.009564 
 0.053699 
-0.030702 
 0.036405 
-0.008922 
-0.061620 
 0.026781 
 0.004127 
-0.055703 
 0.031672 
-0.002819 
-0.058426 
 0.039335 
-0.002944 
-0.063734 
 0.042093 
 0.003033 
-0.066122 
 0.015785 
 0.017076 
-0.045780 
 0.020988 
 0.011047 
-0.050862 
 0.011243 
 0.023280 
-0.041701 
 0.014754 
 0.024342 
-0.041853 
 0.017977 
 0.025065 
-0.042727 
 0.041440 
 0.008587 
-0.064321 
 0.038935 
 0.014193 
-0.060552 
 0.023080 
 0.024057 
-0.046393 
 0.029287 
 0.022250 
-0.051313 
 0.036037 
 0.020382 
-0.056999 
 0.026819 
 0.010677 
-0.054281 
 0.025118 
 0.017188 
-0.050259 
 0.033992 
 0.009697 
-0.059037 
-0.052111 
-0.040360 
-0.007760 
-0.064402 
-0.034540 
-0.006010 
-0.053417 
-0.046542 
-0.000977 
-0.063508 
-0.012792 
-0.024819 
-0.072685 
-0.005311 
-0.025120 
-0.074952 
-0.020328 
-0.012687 
-0.075476 
-0.027195 
-0.004157 
-0.084341 
-0.018777 
-0.002585 
-0.076285 
-0.033278 
 0.005721 
-0.054518 
 0.016328 
-0.043184 
-0.052754 
 0.026032 
-0.039915 
-0.064346 
 0.010882 
-0.034763 
-0.036805 
 0.043053 
-0.046228 
-0.034222 
 0.049459 
-0.043901 
-0.042782 
 0.038685 
-0.042994 
-0.048688 
 0.034715 
-0.037692 
-0.042826 
 0.042093 
-0.036519 
-0.054560 
 0.031205 
-0.030164 
-0.081182 
-0.004475 
 0.001205 
-0.072494 
 0.008858 
 0.003351 
-0.079006 
-0.009163 
 0.013974 
-0.060411 
 0.028210 
-0.020102 
-0.050214 
 0.035383 
-0.020750 
-0.064676 
 0.025043 
-0.008538 
-0.061153 
 0.019198 
 0.002257 
-0.049338 
 0.026617 
-0.001439 
-0.058015 
 0.014527 
 0.013728 
-0.074995 
 0.005708 
-0.023829 
-0.068913 
 0.017988 
-0.021263 
-0.083822 
 0.000982 
-0.010474 
-0.023619 
 0.062973 
-0.042307 
-0.020785 
 0.068358 
-0.040230 
-0.026858 
 0.060453 
-0.043171 
-0.013613 
 0.067214 
-0.034087 
-0.010871 
 0.070869 
-0.032163 
-0.015616 
 0.070182 
-0.036300 
-0.017077 
 0.073673 
-0.039078 
-0.012478 
 0.077026 
-0.038225 
-0.018015 
 0.070838 
-0.041393 
-0.004412 
 0.066474 
-0.027559 
-0.001298 
 0.066313 
-0.027244 
-0.005674 
 0.068069 
-0.029120 
 0.003056 
 0.064877 
-0.025872 
 0.005402 
 0.065167 
-0.026656 
 0.002411 
 0.065569 
-0.026491 
 0.002014 
 0.066536 
-0.027661 
 0.005570 
 0.066996 
-0.028710 
 0.001859 
 0.067855 
-0.029351 
-0.007093 
 0.075367 
-0.037051 
-0.002163 
 0.073167 
-0.036351 
-0.007279 
 0.069100 
-0.038514 
 0.001969 
 0.069629 
-0.031602 
 0.006353 
 0.070224 
-0.032813 
 0.002262 
 0.071649 
-0.034169 
 0.002524 
 0.071136 
-0.036180 
 0.007219 
 0.070093 
-0.037012 
 0.002338 
 0.064024 
-0.036878 
-0.006623 
 0.070573 
-0.031481 
-0.002323 
 0.069956 
-0.031221 
-0.007090 
 0.073022 
-0.034166 
-0.038228 
 0.033694 
-0.006309 
-0.028707 
 0.038995 
-0.011793 
-0.036684 
 0.029118 
 0.003007 
-0.021266 
 0.051514 
-0.028781 
-0.013911 
 0.050656 
-0.029618 
-0.021787 
 0.048842 
-0.023522 
-0.020088 
 0.043981 
-0.017679 
-0.012711 
 0.042859 
-0.020248 
-0.018770 
 0.039948 
-0.010367 
-0.007150 
 0.052311 
-0.035277 
-0.002125 
 0.049703 
-0.034402 
-0.007364 
 0.048940 
-0.032433 
 0.002503 
 0.057761 
-0.037026 
 0.007106 
 0.057747 
-0.037657 
 0.002540 
 0.052784 
-0.036101 
 0.002623 
 0.048563 
-0.034366 
 0.007362 
 0.048707 
-0.034945 
 0.002696 
 0.045057 
-0.031921 
-0.006617 
 0.038162 
-0.021245 
-0.001480 
 0.035344 
-0.022589 
-0.006005 
 0.034220 
-0.015949 
 0.002792 
 0.042036 
-0.028722 
 0.007739 
 0.042395 
-0.029416 
 0.002901 
 0.038758 
-0.025865 
 0.003239 
 0.034195 
-0.023949 
 0.007878 
 0.034573 
-0.025141 
 0.003310 
 0.030389 
-0.020301 
-0.007757 
 0.046411 
-0.028915 
-0.002262 
 0.043486 
-0.028612 
-0.007739 
 0.043214 
-0.025029 
-0.030897 
 0.057782 
-0.044070 
-0.019329 
 0.067579 
-0.043091 
-0.025349 
 0.063454 
-0.043504 
-0.033898 
 0.054037 
-0.042086 
-0.036449 
 0.050002 
-0.037692 
-0.007462 
 0.063647 
-0.039254 
-0.013166 
 0.068353 
-0.041901 
-0.002322 
 0.060440 
-0.037861 
-0.007378 
 0.057890 
-0.038093 
-0.013375 
 0.058036 
-0.038054 
-0.038796 
 0.045971 
-0.031098 
-0.041026 
 0.042728 
-0.023265 
-0.021212 
 0.054844 
-0.034293 
-0.030903 
 0.047858 
-0.025944 
-0.042275 
 0.039705 
-0.014746 
-0.020061 
 0.062564 
-0.041553 
-0.020645 
 0.058259 
-0.038521 
-0.028421 
 0.054445 
-0.037804 
 0.099559 
-0.006007 
-0.106929 
 0.095763 
 0.001073 
-0.111975 
 0.097511 
-0.002682 
-0.109301 
 0.106101 
-0.001015 
-0.108547 
 0.112069 
 0.003368 
-0.110031 
 0.075836 
 0.010668 
-0.100781 
 0.086481 
 0.005273 
-0.107165 
 0.051530 
 0.025132 
-0.074050 
 0.063792 
 0.017266 
-0.086827 
 0.068106 
 0.015024 
-0.093361 
 0.058833 
 0.019075 
-0.086886 
 0.072200 
 0.013030 
-0.092429 
 0.108897 
 0.006191 
-0.104175 
 0.102478 
 0.008237 
-0.097301 
 0.077998 
 0.011493 
-0.091728 
 0.068271 
 0.014386 
-0.085824 
 0.085293 
 0.010484 
-0.091207 
 0.094471 
 0.009938 
-0.090851 
 0.084518 
 0.011262 
-0.084702 
 0.092868 
 0.005020 
-0.106295 
 0.086255 
 0.008452 
-0.098728 
 0.100345 
 0.005355 
-0.105239 
 0.027210 
 0.045921 
-0.052073 
 0.038123 
 0.036013 
-0.061682 
 0.009351 
 0.061484 
-0.035993 
 0.017507 
 0.055943 
-0.043795 
 0.016875 
 0.050601 
-0.049174 
 0.006744 
 0.051700 
-0.046424 
 0.015688 
 0.045928 
-0.054836 
 0.002097 
 0.067225 
-0.027857 
 0.003548 
 0.066570 
-0.029741 
 0.001998 
 0.067735 
-0.027026 
-0.001834 
 0.068238 
-0.027732 
-0.006618 
 0.069511 
-0.029551 
-0.003099 
 0.053965 
-0.044514 
-0.011769 
 0.057059 
-0.043439 
-0.006165 
 0.050144 
-0.049721 
-0.010450 
 0.067121 
-0.034194 
-0.014470 
 0.064195 
-0.038884 
-0.019257 
 0.061389 
-0.043543 
-0.024655 
 0.058475 
-0.048186 
 0.001737 
 0.062767 
-0.034303 
-0.004988 
 0.064529 
-0.033623 
-0.000337 
 0.058290 
-0.039542 
 0.066579 
 0.010605 
-0.076630 
 0.045629 
 0.006452 
-0.067367 
 0.021158 
 0.020245 
-0.070691 
 0.004138 
 0.013114 
-0.063923 
 0.022443 
 0.009842 
-0.065895 
 0.023731 
-0.000041 
-0.058310 
 0.007104 
-0.009821 
-0.048602 
-0.014324 
 0.031537 
-0.065017 
-0.030380 
 0.025867 
-0.060819 
-0.014257 
 0.018863 
-0.062324 
-0.031970 
 0.049522 
-0.053283 
-0.038893 
 0.036036 
-0.055469 
-0.046320 
 0.020556 
-0.055679 
-0.048441 
 0.006756 
-0.048636 
-0.010870 
-0.020349 
-0.038139 
-0.029296 
-0.030112 
-0.026983 
-0.050059 
-0.008582 
-0.038669 
-0.050308 
-0.023861 
-0.027158 
-0.048216 
-0.038906 
-0.014906 
-0.013528 
 0.005803 
-0.057100 
-0.031628 
-0.001658 
-0.048733 
-0.012416 
-0.007488 
-0.048877 
 0.041878 
 0.032290 
-0.071246 
 0.015722 
 0.041670 
-0.063293 
 0.028866 
 0.038707 
-0.067140 
 0.044551 
 0.028413 
-0.080092 
 0.047080 
 0.024877 
-0.083070 
-0.009935 
 0.046208 
-0.056828 
 0.002480 
 0.043575 
-0.059704 
-0.021677 
 0.050101 
-0.055103 
-0.013547 
 0.040691 
-0.063272 
 0.000951 
 0.033348 
-0.069079 
 0.050917 
 0.021471 
-0.082930 
 0.056117 
 0.018373 
-0.082388 
 0.019100 
 0.027698 
-0.073399 
 0.039153 
 0.022117 
-0.077402 
 0.063423 
 0.015451 
-0.081722 
 0.015077 
 0.037042 
-0.071121 
 0.016075 
 0.032388 
-0.073436 
 0.031473 
 0.030515 
-0.078322 
 0.013589 
 0.038807 
-0.027949 
 0.013060 
 0.034784 
-0.024419 
 0.013789 
 0.047157 
-0.032503 
 0.013970 
 0.043820 
-0.029603 
 0.019725 
 0.043638 
-0.030585 
 0.022502 
 0.041562 
-0.027926 
 0.021387 
 0.037692 
-0.024674 
 0.013211 
 0.053967 
-0.038757 
 0.013546 
 0.050409 
-0.036093 
 0.012798 
 0.063633 
-0.041860 
 0.012974 
 0.058422 
-0.040770 
 0.019256 
 0.058147 
-0.041405 
 0.022253 
 0.055714 
-0.039503 
 0.022803 
 0.052386 
-0.036415 
 0.024531 
 0.036546 
-0.022650 
 0.027080 
 0.031285 
-0.016766 
 0.024933 
 0.027800 
-0.013793 
 0.025998 
 0.044512 
-0.027953 
 0.029184 
 0.039301 
-0.023132 
 0.029338 
 0.035848 
-0.018447 
 0.030569 
 0.025773 
-0.010235 
 0.035025 
 0.019752 
-0.003070 
 0.031538 
 0.016691 
 0.000211 
 0.020380 
 0.052406 
-0.035459 
 0.023578 
 0.049913 
-0.032785 
 0.023833 
 0.046882 
-0.029537 
 0.013326 
 0.079237 
-0.041957 
 0.013149 
 0.071538 
-0.042628 
 0.011710 
 0.077320 
-0.036949 
 0.012674 
 0.079764 
-0.039839 
 0.019343 
 0.083955 
-0.044686 
 0.022334 
 0.080124 
-0.043468 
 0.022137 
 0.073460 
-0.044556 
 0.010056 
 0.073882 
-0.032662 
 0.010872 
 0.075526 
-0.034585 
 0.008676 
 0.071833 
-0.030674 
 0.009339 
 0.072761 
-0.031381 
 0.014090 
 0.074936 
-0.034549 
 0.015213 
 0.070457 
-0.036529 
 0.017138 
 0.072351 
-0.037513 
 0.025049 
 0.074483 
-0.042495 
 0.027630 
 0.068638 
-0.042196 
 0.028065 
 0.064848 
-0.042839 
 0.020653 
 0.069307 
-0.040006 
 0.021839 
 0.063868 
-0.041693 
 0.024883 
 0.066149 
-0.041778 
 0.030093 
 0.062702 
-0.042768 
 0.032033 
 0.056290 
-0.044030 
 0.033857 
 0.052869 
-0.042507 
 0.016953 
 0.079816 
-0.039102 
 0.019124 
 0.075044 
-0.039304 
 0.020918 
 0.077826 
-0.041412 
 0.042313 
 0.012594 
 0.005523 
 0.049694 
 0.004547 
 0.014041 
 0.043150 
 0.002873 
 0.016926 
 0.047625 
 0.020238 
-0.006410 
 0.055013 
 0.011977 
-0.000623 
 0.056802 
 0.007540 
 0.010844 
 0.051814 
-0.003545 
 0.019334 
 0.050127 
-0.011837 
 0.021723 
 0.044256 
-0.012577 
 0.023387 
 0.043654 
 0.030039 
-0.025779 
 0.047306 
 0.022388 
-0.023021 
 0.051242 
 0.017059 
-0.012652 
 0.038580 
 0.040565 
-0.039488 
 0.040101 
 0.033721 
-0.038949 
 0.043643 
 0.028035 
-0.031866 
 0.046894 
 0.015522 
-0.017846 
 0.045019 
 0.008200 
-0.013242 
 0.049424 
 0.001750 
-0.002631 
 0.047332 
-0.020311 
 0.023459 
 0.043109 
-0.027854 
 0.024481 
 0.037391 
-0.027044 
 0.023121 
 0.050687 
-0.013236 
 0.012731 
 0.046381 
-0.021098 
 0.015776 
 0.049250 
-0.027684 
 0.025484 
 0.038056 
-0.034404 
 0.025312 
 0.032391 
-0.039425 
 0.026088 
 0.027237 
-0.037171 
 0.022204 
 0.055549 
 0.003984 
 0.004553 
 0.053949 
-0.004668 
 0.008997 
 0.056837 
-0.010271 
 0.020013 
 0.019563 
 0.070825 
-0.046451 
 0.025428 
 0.064236 
-0.043624 
 0.022664 
 0.068326 
-0.045229 
 0.022814 
 0.062526 
-0.043640 
 0.025833 
 0.053331 
-0.037905 
 0.032457 
 0.054991 
-0.041560 
 0.028861 
 0.060237 
-0.042727 
 0.036007 
 0.048461 
-0.040493 
 0.037550 
 0.043233 
-0.035842 
 0.038897 
 0.037849 
-0.029285 
 0.029867 
 0.044259 
-0.029695 
 0.035037 
 0.034843 
-0.018631 
 0.040015 
 0.032586 
-0.021268 
 0.041091 
 0.028209 
-0.012820 
 0.041090 
 0.024360 
-0.005282 
 0.029088 
 0.054080 
-0.039483 
 0.033751 
 0.043577 
-0.032139 
 0.029460 
 0.048788 
-0.035066 
 0.007608 
 0.073523 
-0.033124 
 0.008102 
 0.073710 
-0.032064 
 0.006251 
 0.067376 
-0.036571 
 0.007000 
 0.071300 
-0.034773 
 0.007201 
 0.072250 
-0.036640 
 0.003478 
 0.064929 
-0.043359 
 0.005453 
 0.068519 
-0.041600 
 0.004180 
 0.050698 
-0.040638 
 0.005288 
 0.059542 
-0.038356 
 0.001885 
 0.033438 
-0.047105 
 0.003038 
 0.042002 
-0.043654 
 0.000774 
 0.042581 
-0.045047 
-0.006037 
 0.031330 
-0.053100 
-0.003611 
 0.040023 
-0.049825 
-0.002312 
 0.054994 
-0.051223 
-0.010159 
 0.042498 
-0.059635 
-0.006184 
 0.051755 
-0.057875 
-0.008735 
 0.036946 
-0.055742 
-0.017832 
 0.025204 
-0.065166 
-0.014087 
 0.033686 
-0.062214 
-0.019862 
 0.030282 
-0.069589 
-0.030999 
 0.018576 
-0.080865 
-0.026099 
 0.026803 
-0.078103 
 0.004359 
 0.061342 
-0.040313 
-0.001162 
 0.049349 
-0.047444 
 0.001310 
 0.058697 
-0.045490 
-0.000297 
 0.016572 
-0.056334 
 0.000792 
 0.024529 
-0.051995 
-0.002627 
 0.000880 
-0.062325 
-0.001324 
 0.009062 
-0.061030 
-0.005974 
 0.007962 
-0.062801 
-0.014200 
-0.002366 
-0.068510 
-0.012522 
 0.005704 
-0.067157 
-0.005669 
-0.017026 
-0.059943 
-0.004148 
-0.008300 
-0.061110 
-0.007177 
-0.025519 
-0.059034 
-0.011700 
-0.027370 
-0.060521 
-0.018129 
-0.028783 
-0.064290 
-0.023382 
-0.013458 
-0.072111 
-0.032263 
-0.023550 
-0.075975 
-0.031133 
-0.015434 
-0.077713 
-0.025773 
-0.030044 
-0.069358 
-0.033317 
-0.031415 
-0.074676 
-0.040883 
-0.032843 
-0.080697 
-0.048331 
-0.034338 
-0.087583 
-0.008978 
-0.009759 
-0.063213 
-0.017057 
-0.020431 
-0.065893 
-0.015775 
-0.011552 
-0.067410 
-0.044725 
 0.007122 
-0.096191 
-0.057883 
-0.002768 
-0.109680 
-0.052305 
 0.004511 
-0.105168 
-0.054572 
-0.007044 
-0.105371 
-0.066007 
-0.015618 
-0.117994 
-0.062920 
-0.009333 
-0.115052 
-0.071843 
-0.011190 
-0.117295 
-0.085339 
-0.018728 
-0.123353 
-0.081533 
-0.013168 
-0.120009 
-0.057450 
-0.021324 
-0.103801 
-0.064875 
-0.030659 
-0.110441 
-0.065536 
-0.023387 
-0.114339 
-0.056966 
-0.036076 
-0.097508 
-0.064315 
-0.037749 
-0.107195 
-0.072778 
-0.038312 
-0.111263 
-0.082103 
-0.038641 
-0.113775 
-0.095239 
-0.026745 
-0.122944 
-0.104627 
-0.033639 
-0.123299 
-0.105467 
-0.027431 
-0.126270 
-0.092507 
-0.039069 
-0.117058 
-0.103057 
-0.039491 
-0.120722 
-0.112135 
-0.038340 
-0.123417 
-0.118628 
-0.035077 
-0.123770 
-0.075114 
-0.024498 
-0.117568 
-0.083887 
-0.032306 
-0.116945 
-0.085158 
-0.025663 
-0.120417 
-0.002881 
 0.025287 
-0.054719 
-0.020773 
 0.003642 
-0.074188 
-0.010950 
 0.014155 
-0.063982 
-0.008745 
 0.023109 
-0.059335 
-0.015414 
 0.020234 
-0.064999 
-0.040539 
-0.017585 
-0.086683 
-0.031242 
-0.006835 
-0.082405 
-0.049458 
-0.027494 
-0.092140 
-0.049428 
-0.019548 
-0.095320 
-0.049292 
-0.011368 
-0.099044 
-0.022631 
 0.017194 
-0.071801 
-0.029946 
 0.013968 
-0.079270 
-0.046735 
-0.004301 
-0.097095 
-0.042532 
 0.002782 
-0.092508 
-0.037671 
 0.010681 
-0.088162 
-0.029371 
 0.001106 
-0.081138 
-0.038055 
-0.001573 
-0.088595 
-0.026281 
 0.008882 
-0.076491 
 0.025171 
-0.046888 
 0.029598 
 0.019670 
-0.047749 
 0.031269 
 0.018131 
-0.043630 
 0.024417 
 0.019734 
-0.043689 
 0.028104 
 0.014224 
-0.039617 
 0.027371 
 0.020657 
-0.050250 
 0.037591 
 0.015765 
-0.044268 
 0.031768 
 0.013082 
-0.038533 
 0.031234 
 0.011776 
-0.038037 
 0.026079 
-0.003103 
-0.022119 
-0.000216 
-0.020617 
-0.018976 
-0.005624 
-0.000065 
-0.028245 
 0.012119 
-0.047973 
-0.010281 
-0.036420 
-0.064182 
-0.009860 
-0.041305 
-0.042021 
-0.012905 
-0.023550 
-0.036640 
-0.015819 
-0.010830 
-0.051110 
-0.012699 
-0.015842 
-0.031709 
-0.018738 
 0.001386 
 0.001934 
-0.031588 
 0.027699 
-0.009350 
-0.024780 
 0.023791 
 0.000417 
-0.026208 
 0.023369 
-0.027114 
-0.021429 
 0.013118 
-0.039644 
-0.016029 
 0.008155 
-0.022586 
-0.022849 
 0.022412 
-0.019406 
-0.018577 
 0.020177 
-0.028505 
-0.012992 
 0.016679 
-0.016008 
-0.014644 
 0.018335 
 0.002575 
-0.034133 
 0.023817 
-0.013293 
-0.027569 
 0.018254 
 0.004312 
-0.037658 
 0.032776 
-0.096234 
-0.010590 
-0.072329 
-0.112793 
-0.011740 
-0.078394 
-0.090056 
-0.009902 
-0.060794 
-0.125208 
-0.011148 
-0.105479 
-0.137302 
-0.013326 
-0.110070 
-0.126648 
-0.011797 
-0.095083 
-0.128604 
-0.012551 
-0.084804 
-0.141729 
-0.013639 
-0.089630 
-0.120443 
-0.009838 
-0.072762 
-0.139111 
-0.018603 
-0.127485 
-0.143819 
-0.022589 
-0.126177 
-0.141650 
-0.017538 
-0.118941 
-0.134483 
-0.031659 
-0.129156 
-0.142745 
-0.028958 
-0.129559 
-0.147909 
-0.026800 
-0.124374 
-0.150945 
-0.025202 
-0.115421 
-0.149774 
-0.016422 
-0.089507 
-0.155077 
-0.018773 
-0.088745 
-0.139742 
-0.012458 
-0.076685 
-0.154955 
-0.024008 
-0.106498 
-0.158828 
-0.023018 
-0.097692 
-0.159935 
-0.021364 
-0.088076 
-0.151357 
-0.017363 
-0.075128 
-0.144811 
-0.017052 
-0.109715 
-0.150182 
-0.020488 
-0.108101 
-0.147680 
-0.016739 
-0.099814 
-0.038383 
-0.007559 
 0.013073 
-0.046872 
-0.003268 
 0.009539 
-0.030226 
-0.005141 
 0.013627 
-0.076632 
-0.002570 
-0.005998 
-0.087135 
-0.001377 
-0.008414 
-0.067074 
-0.001794 
 0.003932 
-0.055405 
 0.000491 
 0.006031 
-0.065008 
 0.001678 
 0.004412 
-0.043982 
 0.002530 
 0.008156 
-0.113748 
-0.004922 
-0.034289 
-0.122736 
-0.007010 
-0.034552 
-0.106217 
-0.003666 
-0.021482 
-0.144627 
-0.014056 
-0.061177 
-0.137874 
-0.011496 
-0.047963 
-0.131606 
-0.009456 
-0.034723 
-0.125533 
-0.007831 
-0.021680 
-0.076254 
 0.000486 
 0.004703 
-0.086977 
-0.001086 
 0.005167 
-0.063760 
 0.002273 
 0.007786 
-0.119505 
-0.006517 
-0.008605 
-0.111064 
-0.005052 
 0.001674 
-0.097733 
-0.002896 
 0.005851 
-0.084739 
-0.000924 
 0.009843 
-0.098970 
-0.002689 
-0.008793 
-0.109623 
-0.004452 
-0.008819 
-0.089563 
-0.001529 
 0.001530 
-0.083738 
-0.009420 
-0.049165 
-0.112949 
-0.007334 
-0.060753 
-0.099147 
-0.008411 
-0.055112 
-0.075739 
-0.009420 
-0.035715 
-0.068354 
-0.009910 
-0.022452 
-0.132826 
-0.009306 
-0.063902 
-0.125151 
-0.007169 
-0.064679 
-0.139991 
-0.011632 
-0.063057 
-0.123862 
-0.006791 
-0.049329 
-0.106275 
-0.003257 
-0.035765 
-0.061501 
-0.010638 
-0.009241 
-0.054579 
-0.011332 
 0.003253 
-0.086645 
-0.003331 
-0.019270 
-0.066897 
-0.006637 
-0.001652 
-0.047301 
-0.011169 
 0.013387 
-0.104325 
-0.005459 
-0.047186 
-0.095460 
-0.004184 
-0.033143 
-0.082727 
-0.006921 
-0.028043 
 0.012232 
 0.083262 
-0.038007 
 0.005877 
 0.070956 
-0.051094 
 0.010169 
 0.077532 
-0.043535 
 0.014080 
 0.079272 
-0.042169 
 0.016459 
 0.074897 
-0.046060 
-0.009054 
 0.056787 
-0.072251 
-0.000723 
 0.063999 
-0.061118 
-0.034906 
 0.029228 
-0.098316 
-0.021031 
 0.043205 
-0.084443 
-0.009142 
 0.051333 
-0.078257 
-0.008255 
 0.046149 
-0.083832 
 0.000777 
 0.053093 
-0.071414 
 0.019889 
 0.070682 
-0.049847 
 0.024093 
 0.066193 
-0.052595 
 0.010954 
 0.055292 
-0.064828 
 0.014365 
 0.049732 
-0.068092 
 0.020513 
 0.057952 
-0.059198 
 0.029471 
 0.061350 
-0.054602 
 0.035937 
 0.055621 
-0.055466 
 0.006592 
 0.066145 
-0.056549 
 0.008281 
 0.060787 
-0.061157 
 0.013584 
 0.068340 
-0.052698 
-0.068647 
 0.002268 
-0.118669 
-0.052901 
 0.014047 
-0.112346 
-0.101138 
-0.015295 
-0.132744 
-0.085043 
-0.007679 
-0.125629 
-0.073413 
 0.000572 
-0.114811 
-0.078239 
-0.001033 
-0.110340 
-0.059931 
 0.008134 
-0.104304 
-0.125107 
-0.026340 
-0.137559 
-0.116937 
-0.021233 
-0.139755 
-0.133536 
-0.030272 
-0.136601 
-0.135583 
-0.022762 
-0.136547 
-0.135790 
-0.016103 
-0.134769 
-0.084270 
-0.002907 
-0.105392 
-0.090976 
-0.005120 
-0.099281 
-0.068290 
 0.001281 
-0.092536 
-0.127042 
-0.011773 
-0.122763 
-0.114725 
-0.009121 
-0.108195 
-0.099468 
-0.007823 
-0.092191 
-0.081131 
-0.007909 
-0.074955 
-0.109639 
-0.014241 
-0.130705 
-0.117947 
-0.012907 
-0.127139 
-0.098312 
-0.008096 
-0.118638 
 0.041857 
 0.044363 
-0.051564 
 0.043705 
 0.030020 
-0.040368 
 0.027068 
 0.024188 
-0.045772 
 0.026949 
 0.009736 
-0.033227 
 0.036890 
 0.019655 
-0.036228 
 0.045474 
 0.014571 
-0.026192 
 0.046438 
-0.001872 
-0.010220 
 0.001308 
 0.006861 
-0.044931 
 0.001040 
-0.004502 
-0.030784 
 0.014427 
 0.001208 
-0.031496 
-0.052709 
-0.008031 
-0.053677 
-0.025117 
-0.010130 
-0.034032 
 0.001145 
-0.015858 
-0.014318 
 0.013023 
-0.025430 
 0.000976 
 0.046459 
-0.019673 
 0.007027 
 0.044707 
-0.036512 
 0.022960 
 0.023902 
-0.035588 
 0.015161 
 0.033174 
-0.044537 
 0.027001 
 0.040685 
-0.051175 
 0.036131 
 0.026561 
-0.005483 
-0.018438 
 0.025507 
-0.020972 
-0.001756 
 0.037274 
-0.012783 
-0.005487 
-0.038997 
 0.026029 
-0.105082 
-0.042292 
 0.017115 
-0.095003 
-0.040738 
 0.021749 
-0.100758 
-0.022005 
 0.037147 
-0.095732 
-0.007516 
 0.041615 
-0.086131 
-0.046956 
 0.005403 
-0.078609 
-0.044371 
 0.011637 
-0.087744 
-0.051030 
-0.001870 
-0.067631 
-0.020068 
 0.008768 
-0.061936 
-0.000553 
 0.017918 
-0.059337 
 0.006176 
 0.043094 
-0.076200 
 0.019494 
 0.044671 
-0.067238 
 0.013276 
 0.026770 
-0.058211 
 0.024437 
 0.036608 
-0.058238 
 0.032929 
 0.047012 
-0.059448 
-0.020679 
 0.025488 
-0.083715 
-0.002828 
 0.027194 
-0.070899 
-0.005347 
 0.035091 
-0.079982 
-0.097790 
-0.001907 
 0.019390 
-0.087455 
-0.000585 
 0.016800 
-0.116535 
-0.003532 
 0.021120 
-0.108685 
-0.002793 
 0.022427 
-0.083583 
 0.000622 
 0.024414 
-0.069062 
 0.003103 
 0.029104 
-0.059331 
 0.003639 
 0.025394 
-0.130910 
-0.004166 
 0.015236 
-0.123826 
-0.003995 
 0.018270 
-0.147643 
-0.002533 
 0.008039 
-0.139001 
-0.003799 
 0.011928 
-0.118211 
-0.000361 
 0.021672 
-0.105090 
 0.003451 
 0.027838 
-0.096697 
 0.003067 
 0.030381 
-0.054298 
 0.005657 
 0.033833 
-0.042172 
 0.007256 
 0.033637 
-0.033501 
 0.006953 
 0.029290 
-0.073448 
 0.006510 
 0.038344 
-0.060672 
 0.008936 
 0.038184 
-0.051316 
 0.008552 
 0.038702 
-0.034279 
 0.007763 
 0.028619 
-0.026891 
 0.008250 
 0.023718 
-0.020379 
 0.006974 
 0.019646 
-0.103649 
-0.000223 
 0.027364 
-0.088915 
 0.003160 
 0.033105 
-0.080030 
 0.003351 
 0.033893 
-0.172849 
 0.005702 
-0.003364 
-0.160432 
 0.000746 
 0.003025 
-0.175642 
 0.021170 
-0.025373 
-0.175981 
 0.012768 
-0.013775 
-0.163063 
 0.012743 
 0.003820 
-0.152383 
 0.019791 
 0.010955 
-0.138883 
 0.012842 
 0.017149 
-0.175901 
 0.043843 
-0.050634 
-0.176179 
 0.031746 
-0.037941 
-0.144689 
 0.073192 
-0.072628 
-0.167760 
 0.058208 
-0.063358 
-0.163352 
 0.053426 
-0.042857 
-0.147214 
 0.062298 
-0.033902 
-0.151399 
 0.049236 
-0.022599 
-0.140771 
 0.027094 
 0.018094 
-0.124349 
 0.031914 
 0.017764 
-0.113684 
 0.023722 
 0.023518 
-0.139617 
 0.045801 
-0.002922 
-0.121706 
 0.050269 
-0.001014 
-0.123494 
 0.040483 
 0.008325 
-0.107185 
 0.035713 
 0.015932 
-0.090031 
 0.038696 
 0.015020 
-0.083217 
 0.030768 
 0.018304 
-0.165923 
 0.029839 
-0.018771 
-0.153397 
 0.038109 
-0.011169 
-0.154069 
 0.028303 
 0.000144 
-0.019819 
 0.009162 
 0.019192 
-0.013070 
 0.009904 
 0.014918 
-0.009251 
 0.007562 
 0.011135 
-0.031650 
 0.014235 
 0.022565 
-0.022824 
 0.015743 
 0.018626 
-0.016786 
 0.013627 
 0.019594 
-0.006630 
 0.010872 
 0.011159 
-0.000512 
 0.012029 
 0.007972 
 0.000939 
 0.009095 
 0.003938 
-0.045956 
 0.018936 
 0.019589 
-0.035459 
 0.021065 
 0.016526 
-0.029345 
 0.018179 
 0.017362 
-0.060458 
 0.027280 
 0.017804 
-0.047726 
 0.029622 
 0.016214 
-0.041651 
 0.024861 
 0.016174 
-0.025113 
 0.023040 
 0.014273 
-0.014927 
 0.024638 
 0.012849 
-0.010603 
 0.021619 
 0.012515 
 0.004384 
 0.013167 
 0.005592 
 0.004656 
 0.012574 
 0.004197 
 0.005392 
 0.009889 
-0.000231 
-0.000569 
 0.019545 
 0.011174 
 0.001068 
 0.018910 
 0.010531 
 0.004529 
 0.016415 
 0.009632 
 0.004744 
 0.012342 
 0.004216 
 0.004480 
 0.012281 
 0.006250 
 0.004688 
 0.010021 
 0.001124 
-0.014425 
 0.017579 
 0.015520 
-0.005869 
 0.019144 
 0.012900 
-0.001458 
 0.016541 
 0.013153 
-0.143160 
 0.002679 
 0.015581 
-0.118267 
 0.013660 
 0.029591 
-0.131036 
 0.008168 
 0.022677 
-0.120152 
 0.005172 
 0.026353 
-0.096400 
 0.007995 
 0.035633 
-0.089985 
 0.021741 
 0.024174 
-0.104359 
 0.018167 
 0.028310 
-0.075795 
 0.025024 
 0.020747 
-0.067058 
 0.020275 
 0.022430 
-0.058844 
 0.016938 
 0.024143 
-0.073285 
 0.010075 
 0.037383 
-0.052999 
 0.011153 
 0.034096 
-0.050742 
 0.014537 
 0.026194 
-0.042639 
 0.012911 
 0.028377 
-0.034788 
 0.011418 
 0.029669 
-0.093849 
 0.014083 
 0.031816 
-0.071166 
 0.014339 
 0.029229 
-0.083604 
 0.011538 
 0.034809 
-0.069839 
 0.117556 
-0.077949 
-0.105593 
 0.101630 
-0.081817 
 0.009724 
 0.129253 
-0.042423 
-0.030095 
 0.126625 
-0.063549 
-0.023205 
 0.125223 
-0.048158 
 0.023741 
 0.121538 
-0.009496 
-0.015392 
 0.122077 
-0.031904 
 0.084792 
 0.130228 
 0.005331 
 0.049115 
 0.130904 
-0.018818 
 0.115642 
 0.102997 
 0.047002 
 0.112169 
 0.124343 
 0.028655 
 0.120375 
 0.115444 
 0.048681 
 0.128379 
 0.080759 
 0.084410 
 0.127422 
 0.105606 
 0.066829 
 0.068869 
 0.111520 
 0.032324 
 0.098750 
 0.091683 
 0.062107 
 0.068228 
 0.100795 
 0.038115 
 0.131988 
 0.094425 
 0.082780 
 0.128448 
 0.058477 
 0.100958 
 0.125967 
 0.081899 
 0.084967 
 0.116582 
 0.070015 
 0.082465 
 0.109156 
 0.039176 
 0.092220 
 0.107208 
 0.059572 
 0.079275 
 0.055675 
 0.125849 
-0.001081 
 0.097537 
 0.113441 
 0.042514 
 0.062402 
 0.119262 
 0.016288 
 0.108648 
 0.059847 
 0.068138 
 0.114826 
 0.081028 
 0.060970 
 0.088484 
 0.019428 
 0.068252 
 0.099742 
 0.039301 
 0.070495 
 0.101982 
 0.021945 
 0.088682 
 0.091325 
-0.017092 
 0.101190 
 0.103814 
 0.004711 
 0.104374 
 0.060050 
-0.012123 
 0.053237 
 0.075914 
 0.000269 
 0.062197 
 0.017851 
-0.007393 
 0.043737 
 0.038513 
-0.009427 
 0.046656 
 0.039893 
-0.029238 
 0.063397 
