 0.021531 
-0.046085 
 0.074488 
 0.041199 
-0.048647 
 0.078435 
 0.078972 
-0.056996 
 0.108455 
 0.061847 
-0.082663 
 0.104652 
 0.076763 
-0.067375 
 0.111735 
 0.042734 
-0.067936 
 0.091957 
 0.024154 
-0.075861 
 0.092555 
 0.042492 
-0.078790 
 0.096973 
 0.040815 
-0.081111 
 0.095103 
 0.024284 
-0.080103 
 0.089900 
 0.039272 
-0.082929 
 0.093606 
 0.077914 
-0.019307 
 0.080660 
 0.062792 
-0.053008 
 0.087368 
 0.078996 
-0.038752 
 0.096408 
 0.095581 
 0.008784 
 0.096844 
 0.080482 
-0.016372 
 0.095684 
 0.086402 
 0.004170 
 0.090965 
 0.080836 
-0.033625 
 0.103354 
 0.066450 
-0.055222 
 0.099020 
 0.073908 
-0.036232 
 0.098420 
 0.066882 
-0.038471 
 0.093499 
 0.055087 
-0.057989 
 0.091234 
 0.059963 
-0.040509 
 0.088777 
 0.063301 
-0.073220 
 0.101993 
 0.049976 
-0.090222 
 0.097402 
 0.058796 
-0.074529 
 0.099080 
 0.038688 
-0.085468 
 0.093326 
 0.025068 
-0.083558 
 0.088835 
 0.037276 
-0.086479 
 0.092086 
 0.035938 
-0.087159 
 0.090810 
 0.025929 
-0.084993 
 0.086719 
 0.034689 
-0.087668 
 0.089544 
 0.046216 
-0.071272 
 0.089846 
 0.038799 
-0.075507 
 0.087261 
 0.042899 
-0.060700 
 0.084882 
 0.033507 
-0.085793 
 0.087771 
 0.025739 
-0.074157 
 0.081980 
 0.031972 
-0.074278 
 0.083753 
 0.029889 
-0.062899 
 0.079025 
 0.022868 
-0.052584 
 0.073394 
 0.027003 
-0.052259 
 0.074346 
 0.054999 
-0.076047 
 0.097291 
 0.044322 
-0.092081 
 0.095172 
 0.050553 
-0.076672 
 0.094484 
 0.125047 
 0.070821 
 0.083885 
 0.110285 
-0.011176 
 0.122502 
 0.120414 
 0.030182 
 0.108211 
 0.130177 
 0.057125 
 0.102069 
 0.134169 
 0.043525 
 0.117109 
 0.074490 
-0.071791 
 0.111449 
 0.093237 
-0.046109 
 0.120934 
 0.057400 
-0.089942 
 0.103339 
 0.069699 
-0.073560 
 0.107852 
 0.080610 
-0.052652 
 0.110826 
 0.128922 
 0.033006 
 0.117615 
 0.119237 
 0.024183 
 0.112074 
 0.091372 
-0.030453 
 0.112215 
 0.100973 
-0.007738 
 0.110920 
 0.109273 
 0.016259 
 0.106280 
 0.107363 
-0.021113 
 0.124629 
 0.099588 
-0.026247 
 0.118598 
 0.119706 
 0.005474 
 0.123910 
 0.003596 
 0.012447 
 0.011072 
 0.002044 
 0.011158 
 0.013925 
 0.002984 
 0.010669 
 0.006741 
 0.002177 
 0.013685 
 0.024094 
 0.000230 
 0.010906 
 0.027076 
 0.001613 
 0.010925 
 0.021856 
-0.000111 
 0.009357 
 0.016610 
-0.002802 
 0.007041 
 0.018825 
-0.001225 
 0.008261 
 0.011749 
 0.000690 
 0.013287 
 0.035499 
-0.001794 
 0.009920 
 0.038434 
-0.000959 
 0.010583 
 0.032768 
 0.001032 
 0.011674 
 0.047641 
 0.000136 
 0.007242 
 0.051458 
-0.002288 
 0.009194 
 0.044340 
-0.005143 
 0.006517 
 0.040888 
-0.005825 
 0.002741 
 0.044617 
-0.007566 
 0.003746 
 0.037358 
-0.006087 
 0.004255 
 0.020672 
-0.009581 
 0.001169 
 0.021844 
-0.007334 
 0.003787 
 0.014825 
-0.009737 
 0.000820 
 0.033656 
-0.008473 
-0.001277 
 0.037545 
-0.011037 
-0.001550 
 0.029765 
-0.011696 
-0.001412 
 0.023637 
-0.009913 
-0.002507 
 0.028036 
-0.011967 
-0.001052 
 0.017824 
-0.002538 
 0.007900 
 0.030198 
-0.005955 
 0.004427 
 0.032301 
-0.004172 
 0.005174 
 0.026871 
 0.008234 
 0.005612 
 0.061601 
 0.007768 
 0.001224 
 0.064996 
 0.003901 
 0.004467 
 0.059710 
 0.016538 
-0.005303 
 0.066324 
 0.015206 
-0.009733 
 0.068679 
 0.011697 
-0.003421 
 0.066916 
 0.007383 
-0.002257 
 0.068244 
 0.007108 
-0.004870 
 0.071055 
 0.003578 
-0.002326 
 0.066509 
 0.022712 
-0.023837 
 0.071508 
 0.020399 
-0.028233 
 0.072468 
 0.018315 
-0.018280 
 0.070981 
 0.023709 
-0.040205 
 0.072840 
 0.020025 
-0.036822 
 0.070669 
 0.020792 
-0.032209 
 0.070935 
 0.017946 
-0.025210 
 0.069961 
 0.016330 
-0.022858 
 0.068149 
 0.015297 
-0.019264 
 0.069939 
 0.006999 
-0.006796 
 0.074446 
 0.007170 
-0.007917 
 0.075977 
 0.004546 
-0.006013 
 0.071893 
 0.012801 
-0.014099 
 0.070756 
 0.013188 
-0.012629 
 0.068833 
 0.010622 
-0.009937 
 0.072138 
 0.008792 
-0.007197 
 0.072673 
 0.010404 
-0.006686 
 0.069677 
 0.006926 
-0.006752 
 0.070049 
 0.014300 
-0.013690 
 0.072111 
 0.013216 
-0.016211 
 0.073656 
 0.010430 
-0.009822 
 0.073272 
-0.008348 
-0.003576 
 0.033170 
-0.006851 
-0.004286 
 0.037176 
-0.009064 
-0.002739 
 0.027676 
-0.003543 
-0.005259 
 0.049592 
-0.002415 
-0.005939 
 0.052974 
-0.004430 
-0.005734 
 0.045990 
-0.005560 
-0.004830 
 0.041259 
-0.004450 
-0.005166 
 0.045294 
-0.006457 
-0.003664 
 0.036441 
 0.000163 
-0.005819 
 0.062791 
 0.001172 
-0.006405 
 0.064676 
-0.000719 
-0.006104 
 0.059880 
 0.005382 
-0.006556 
 0.067661 
 0.007235 
-0.006476 
 0.065208 
 0.004151 
-0.006467 
 0.064892 
 0.003153 
-0.006481 
 0.062084 
 0.005050 
-0.006430 
 0.059743 
 0.002332 
-0.006556 
 0.059368 
-0.003545 
-0.005367 
 0.050022 
-0.002277 
-0.005454 
 0.052780 
-0.004535 
-0.003894 
 0.045856 
 0.001625 
-0.006658 
 0.056694 
 0.003532 
-0.006379 
 0.054488 
 0.000807 
-0.006469 
 0.054006 
-0.000273 
-0.005347 
 0.051012 
 0.001662 
-0.005123 
 0.049463 
-0.001174 
-0.003926 
 0.047776 
-0.001518 
-0.006561 
 0.057626 
-0.000363 
-0.006861 
 0.059840 
-0.002391 
-0.006647 
 0.054508 
 0.000031 
 0.003231 
 0.058995 
 0.000766 
-0.002748 
 0.065870 
 0.000005 
-0.000362 
 0.062872 
-0.003326 
 0.001379 
 0.055495 
-0.005272 
-0.000210 
 0.051635 
 0.002829 
-0.005821 
 0.070962 
 0.001984 
-0.004439 
 0.068613 
 0.003610 
-0.006790 
 0.072569 
 0.001337 
-0.005777 
 0.067624 
-0.000702 
-0.004978 
 0.061308 
-0.006201 
-0.001552 
 0.047795 
-0.006970 
-0.003005 
 0.043965 
-0.002878 
-0.004523 
 0.054665 
-0.005177 
-0.004371 
 0.047695 
-0.007745 
-0.004260 
 0.039998 
-0.000714 
-0.003105 
 0.062520 
-0.001918 
-0.003734 
 0.058615 
-0.003459 
-0.002139 
 0.055547 
-0.133605 
 0.109405 
-0.077196 
-0.030598 
 0.130773 
-0.025100 
-0.083945 
 0.123980 
-0.055878 
-0.138946 
 0.100992 
-0.056190 
-0.139630 
 0.093479 
-0.033678 
 0.059830 
 0.104964 
 0.036523 
 0.020546 
 0.122003 
 0.007006 
 0.103737 
 0.061994 
 0.079809 
 0.087968 
 0.084174 
 0.061968 
 0.041975 
 0.089085 
 0.031872 
 0.028878 
 0.075483 
 0.029762 
-0.001767 
 0.088758 
 0.010555 
-0.130982 
 0.081630 
-0.016982 
-0.117704 
 0.070604 
-0.003997 
-0.042644 
 0.083430 
-0.001001 
-0.038648 
 0.071941 
 0.006587 
-0.076190 
 0.074082 
-0.001784 
-0.102536 
 0.061609 
 0.007004 
-0.086034 
 0.054146 
 0.016000 
-0.039301 
 0.114717 
-0.016859 
-0.042978 
 0.097949 
-0.008861 
-0.091262 
 0.100362 
-0.024415 
 0.084218 
 0.001013 
 0.093495 
 0.100249 
 0.030475 
 0.091404 
 0.058546 
-0.035999 
 0.090962 
 0.069437 
-0.024347 
 0.093201 
 0.066509 
 0.000077 
 0.080722 
 0.052420 
 0.005464 
 0.072000 
 0.060876 
 0.020809 
 0.067913 
 0.040681 
-0.051329 
 0.086985 
 0.048974 
-0.045297 
 0.089087 
 0.033312 
-0.054110 
 0.084913 
 0.032536 
-0.037108 
 0.080920 
 0.030296 
-0.022191 
 0.076941 
 0.039380 
 0.008180 
 0.067408 
 0.027821 
 0.008765 
 0.065493 
 0.033314 
 0.020088 
 0.060312 
 0.026949 
-0.009592 
 0.073255 
 0.022702 
 0.000185 
 0.069590 
 0.017676 
 0.007979 
 0.065885 
 0.012112 
 0.013886 
 0.062263 
 0.047975 
-0.024590 
 0.082538 
 0.037106 
-0.015814 
 0.076587 
 0.044732 
-0.006588 
 0.075280 
-0.061617 
 0.046774 
 0.020804 
-0.037915 
 0.040710 
 0.019427 
-0.014423 
 0.043956 
 0.028148 
-0.006938 
 0.036761 
 0.027829 
-0.017860 
 0.040700 
 0.022109 
-0.018382 
 0.036336 
 0.017764 
-0.008961 
 0.031139 
 0.016672 
 0.005143 
 0.031031 
 0.043790 
 0.005036 
 0.025329 
 0.042968 
 0.001163 
 0.031446 
 0.035596 
 0.007073 
 0.017723 
 0.056714 
 0.004867 
 0.019128 
 0.049390 
 0.003475 
 0.020155 
 0.041924 
 0.002845 
 0.020656 
 0.034719 
-0.001517 
 0.026605 
 0.016428 
 0.003438 
 0.022398 
 0.016748 
 0.003001 
 0.020522 
 0.027839 
 0.004050 
 0.019704 
 0.022026 
 0.005889 
 0.018194 
 0.016972 
-0.001506 
 0.031070 
 0.028113 
 0.001774 
 0.025626 
 0.028080 
-0.002485 
 0.029349 
 0.021541 
 0.084913 
 0.051134 
 0.071995 
 0.048649 
 0.034288 
 0.057604 
 0.064592 
 0.039283 
 0.063304 
 0.053929 
 0.059865 
 0.050590 
 0.023355 
 0.064994 
 0.033147 
 0.024412 
 0.027266 
 0.055726 
 0.035395 
 0.031271 
 0.055531 
 0.014819 
 0.022685 
 0.057746 
 0.013868 
 0.030129 
 0.050809 
 0.007938 
 0.038248 
 0.042334 
-0.006679 
 0.066647 
 0.020931 
-0.032355 
 0.064145 
 0.015802 
-0.003793 
 0.046843 
 0.032886 
-0.022757 
 0.054306 
 0.024184 
-0.053992 
 0.058344 
 0.017651 
 0.030631 
 0.041223 
 0.047421 
 0.012633 
 0.045384 
 0.038652 
 0.018189 
 0.053416 
 0.035859 
-0.002992 
-0.007178 
 0.054397 
-0.054108 
-0.004904 
 0.067170 
-0.028280 
-0.005799 
 0.058988 
 0.000026 
-0.031412 
 0.074388 
 0.002954 
-0.055020 
 0.092002 
-0.103373 
 0.004189 
 0.092851 
-0.082193 
-0.005017 
 0.080246 
-0.124234 
 0.049278 
 0.097391 
-0.115266 
 0.026097 
 0.098317 
-0.098718 
-0.021265 
 0.115854 
-0.093705 
-0.046122 
 0.135027 
-0.072705 
-0.056447 
 0.121677 
 0.005559 
-0.078670 
 0.108078 
 0.007946 
-0.091850 
 0.113907 
-0.041957 
-0.078956 
 0.122796 
-0.036621 
-0.091722 
 0.127034 
-0.014047 
-0.091294 
 0.118304 
 0.010053 
-0.095070 
 0.112315 
 0.012250 
-0.097351 
 0.110728 
-0.050806 
-0.030549 
 0.089516 
-0.046590 
-0.055647 
 0.108191 
-0.021344 
-0.055358 
 0.098532 
-0.131795 
 0.102705 
 0.075347 
-0.131961 
 0.076702 
 0.091170 
-0.110215 
 0.157275 
 0.020938 
-0.125351 
 0.130061 
 0.051998 
-0.135941 
 0.084835 
 0.104279 
-0.139216 
 0.066507 
 0.129318 
-0.134294 
 0.037036 
 0.141827 
-0.040069 
 0.180518 
-0.046227 
-0.083015 
 0.180969 
-0.015812 
 0.050577 
 0.150614 
-0.087733 
 0.006054 
 0.171664 
-0.072757 
-0.052525 
 0.170271 
-0.015203 
-0.064358 
 0.156940 
 0.014193 
-0.105601 
 0.152546 
 0.048330 
-0.142760 
 0.048845 
 0.151486 
-0.133165 
 0.036077 
 0.151105 
-0.125199 
 0.006329 
 0.160213 
-0.140926 
 0.115912 
 0.108887 
-0.135563 
 0.100377 
 0.114006 
-0.137544 
 0.067720 
 0.136299 
-0.119938 
 0.026275 
 0.144194 
-0.105640 
 0.017844 
 0.135555 
-0.097275 
-0.008234 
 0.142545 
-0.122590 
 0.146908 
 0.053324 
-0.132760 
 0.132248 
 0.083194 
-0.141210 
 0.099330 
 0.111696 
 0.014496 
-0.101885 
 0.112132 
 0.017060 
-0.103193 
 0.110699 
-0.017519 
-0.101719 
 0.120586 
-0.010393 
-0.102559 
 0.117490 
 0.003258 
-0.102510 
 0.112830 
 0.019782 
-0.104453 
 0.109533 
 0.022563 
-0.105144 
 0.107927 
-0.047983 
-0.087671 
 0.135338 
-0.036922 
-0.087710 
 0.128767 
-0.024908 
-0.104632 
 0.126348 
-0.072261 
-0.039510 
 0.136998 
-0.059339 
-0.041148 
 0.127613 
-0.048310 
-0.064836 
 0.129116 
-0.025780 
-0.087781 
 0.122703 
-0.014443 
-0.087405 
 0.116208 
-0.005070 
-0.104621 
 0.117648 
 0.025072 
-0.103562 
 0.106455 
 0.025006 
-0.089197 
 0.101821 
 0.009258 
-0.097354 
 0.108104 
 0.010915 
-0.082729 
 0.102212 
 0.017970 
-0.085614 
 0.101583 
 0.024493 
-0.075445 
 0.096643 
 0.023083 
-0.062518 
 0.091088 
-0.003296 
-0.104902 
 0.116553 
 0.004290 
-0.105056 
 0.113295 
 0.013473 
-0.105688 
 0.110528 
-0.131011 
 0.029642 
 0.130750 
-0.127634 
-0.014204 
 0.171819 
-0.129770 
 0.007185 
 0.153954 
-0.115744 
-0.022189 
 0.152045 
-0.095513 
-0.073400 
 0.161873 
-0.102960 
-0.031362 
 0.160129 
-0.117325 
-0.025285 
 0.170096 
-0.088601 
-0.036355 
 0.150267 
-0.075459 
-0.063062 
 0.149664 
-0.061920 
-0.088664 
 0.146728 
-0.065437 
-0.100600 
 0.150971 
-0.032601 
-0.101365 
 0.131873 
-0.045872 
-0.106149 
 0.140050 
-0.025641 
-0.103908 
 0.128493 
-0.006195 
-0.103300 
 0.121361 
-0.103336 
-0.056110 
 0.169857 
-0.074746 
-0.087838 
 0.155772 
-0.087215 
-0.085561 
 0.164287 
 0.145976 
 0.101949 
-0.094186 
 0.114399 
 0.124484 
-0.099717 
 0.193132 
 0.060838 
-0.067025 
 0.172560 
 0.080769 
-0.083000 
 0.144287 
 0.090666 
-0.067629 
 0.138082 
 0.080689 
-0.040554 
 0.113816 
 0.098375 
-0.048986 
 0.223758 
 0.025782 
-0.026726 
 0.211239 
 0.042344 
-0.047825 
 0.206174 
 0.003527 
 0.003313 
 0.224406 
 0.012208 
-0.007957 
 0.206072 
 0.021791 
 0.002708 
 0.167985 
 0.018829 
 0.025846 
 0.183410 
 0.031995 
 0.011819 
 0.129059 
 0.072555 
-0.013302 
 0.114479 
 0.063376 
 0.000320 
 0.097527 
 0.076962 
-0.009685 
 0.156517 
 0.042276 
 0.020206 
 0.123229 
 0.034210 
 0.030751 
 0.127616 
 0.050164 
 0.014685 
 0.099459 
 0.056471 
 0.006507 
 0.074567 
 0.047419 
 0.009392 
 0.072978 
 0.061096 
 0.001046 
 0.188083 
 0.054311 
-0.038676 
 0.174814 
 0.047864 
-0.008788 
 0.160286 
 0.064696 
-0.027078 
 0.185903 
-0.003988 
 0.021012 
 0.195989 
-0.001940 
 0.013093 
 0.172258 
-0.004050 
 0.035777 
 0.178682 
-0.004499 
 0.028517 
 0.157298 
-0.000235 
 0.040908 
 0.128519 
 0.003187 
 0.060953 
 0.136055 
 0.003796 
 0.053256 
 0.163250 
-0.002317 
 0.047615 
 0.168374 
-0.003211 
 0.043550 
 0.151713 
 0.000086 
 0.036465 
 0.157342 
-0.001524 
 0.041788 
 0.134994 
 0.000357 
 0.054953 
 0.108484 
 0.002089 
 0.062250 
 0.112733 
 0.002097 
 0.067812 
 0.099441 
 0.006279 
 0.082378 
 0.074439 
 0.008131 
 0.086815 
 0.080381 
 0.009116 
 0.081761 
 0.089754 
 0.003817 
 0.080833 
 0.068562 
 0.003888 
 0.076328 
 0.071192 
 0.005392 
 0.081347 
 0.058801 
 0.006706 
 0.068415 
 0.046907 
 0.004790 
 0.051934 
 0.047927 
 0.007825 
 0.055548 
 0.147586 
 0.000104 
 0.057416 
 0.118765 
 0.003208 
 0.075217 
 0.124342 
 0.003313 
 0.070585 
 0.052120 
 0.041472 
 0.008789 
 0.032246 
 0.036514 
 0.006273 
 0.031705 
 0.045059 
 0.002812 
 0.048803 
 0.025917 
 0.022566 
 0.030454 
 0.024593 
 0.017264 
 0.031941 
 0.029856 
 0.011165 
 0.014184 
 0.032522 
 0.003651 
-0.002581 
 0.028718 
 0.001463 
-0.003945 
 0.033616 
 0.000410 
 0.041038 
 0.018154 
 0.037975 
 0.026655 
 0.017112 
 0.031572 
 0.028473 
 0.020692 
 0.025044 
 0.037285 
 0.009268 
 0.042282 
 0.028646 
 0.005188 
 0.028970 
 0.026979 
 0.010246 
 0.030187 
 0.015331 
 0.011039 
 0.017756 
 0.006184 
 0.004726 
 0.006844 
 0.002206 
 0.011557 
 0.007180 
-0.013749 
 0.024835 
-0.000963 
-0.018157 
 0.019651 
-0.004776 
-0.020474 
 0.023864 
-0.003681 
-0.010675 
 0.011706 
 0.000035 
-0.012820 
 0.002881 
-0.005413 
-0.016426 
 0.010557 
-0.004815 
-0.022506 
 0.009352 
-0.007368 
-0.024916 
 0.000301 
-0.009053 
-0.028329 
 0.008112 
-0.007853 
 0.014136 
 0.023413 
 0.012669 
-0.000408 
 0.020553 
 0.007111 
-0.001882 
 0.025044 
 0.003986 
 0.185900 
 0.004708 
 0.026134 
 0.119910 
 0.008423 
 0.068944 
 0.152614 
 0.006417 
 0.047854 
 0.164650 
 0.011381 
 0.038779 
 0.142555 
 0.017751 
 0.051605 
 0.069024 
 0.012704 
 0.069716 
 0.091600 
 0.010746 
 0.075242 
 0.051224 
 0.013247 
 0.061052 
 0.055504 
 0.015804 
 0.054089 
 0.061629 
 0.018382 
 0.045634 
 0.121940 
 0.024325 
 0.047077 
 0.100314 
 0.031230 
 0.033479 
 0.068290 
 0.022335 
 0.037935 
 0.073808 
 0.028547 
 0.029428 
 0.077428 
 0.038199 
 0.019655 
 0.101026 
 0.013162 
 0.066152 
 0.084344 
 0.017903 
 0.051828 
 0.110979 
 0.017420 
 0.056869 
 0.023872 
-0.051657 
 0.096224 
 0.022550 
-0.041233 
 0.093435 
 0.016937 
-0.035271 
 0.091044 
 0.018232 
-0.026783 
 0.089129 
 0.019641 
-0.033518 
 0.091165 
 0.021401 
-0.032260 
 0.092098 
 0.020318 
-0.024486 
 0.091501 
 0.009793 
-0.017180 
 0.084333 
 0.012786 
-0.011180 
 0.082562 
 0.018193 
-0.020859 
 0.088037 
-0.004821 
 0.002504 
 0.070939 
-0.003433 
 0.001053 
 0.068523 
 0.005695 
-0.002400 
 0.076359 
 0.015842 
-0.006254 
 0.082102 
 0.016843 
-0.006229 
 0.080507 
 0.023268 
-0.008449 
 0.087352 
 0.019552 
-0.017871 
 0.092685 
 0.018817 
-0.012329 
 0.093763 
 0.022717 
-0.008099 
 0.089725 
 0.020697 
-0.008181 
 0.087218 
 0.020652 
-0.008330 
 0.092139 
 0.017582 
-0.008794 
 0.094324 
 0.014999 
-0.008744 
 0.090898 
 0.020005 
-0.019808 
 0.089962 
 0.021453 
-0.013401 
 0.089746 
 0.020386 
-0.018813 
 0.091537 
-0.024121 
 0.009063 
 0.053680 
-0.023253 
 0.006188 
 0.049206 
-0.013823 
 0.003602 
 0.059963 
-0.041261 
 0.014549 
 0.027894 
-0.039790 
 0.011385 
 0.022490 
-0.032254 
 0.008950 
 0.036939 
-0.022276 
 0.004002 
 0.044707 
-0.021125 
 0.002584 
 0.039809 
-0.011999 
-0.000113 
 0.051605 
-0.043803 
 0.015439 
 0.005610 
-0.042244 
 0.011736 
-0.000239 
-0.043472 
 0.012545 
 0.009381 
-0.037881 
 0.006498 
-0.005790 
-0.036715 
-0.001805 
-0.006249 
-0.041017 
 0.005033 
-0.002693 
-0.042225 
 0.003497 
 0.000943 
-0.040542 
-0.003532 
 0.000762 
-0.041410 
 0.001947 
 0.004530 
-0.020077 
 0.001977 
 0.035110 
-0.019216 
 0.001811 
 0.030738 
-0.011771 
-0.000293 
 0.042773 
-0.035118 
 0.000718 
 0.014006 
-0.032545 
-0.003925 
 0.014693 
-0.026725 
-0.000345 
 0.023634 
-0.018478 
-0.001325 
 0.032254 
-0.016872 
-0.003614 
 0.032260 
-0.011417 
-0.002170 
 0.039883 
-0.039066 
 0.009185 
 0.017044 
-0.037077 
 0.006856 
 0.011805 
-0.030195 
 0.005377 
 0.026913 
 0.013034 
-0.009068 
 0.090287 
 0.011296 
-0.009027 
 0.086442 
 0.014823 
-0.008207 
 0.078950 
 0.013620 
-0.007718 
 0.075125 
 0.012462 
-0.008648 
 0.080722 
 0.009908 
-0.008984 
 0.082870 
 0.008737 
-0.008823 
 0.079015 
 0.012326 
-0.005055 
 0.066095 
 0.011387 
-0.004086 
 0.062821 
 0.014923 
-0.006080 
 0.070432 
-0.003675 
-0.003092 
 0.048361 
-0.003583 
-0.003841 
 0.047197 
 0.003365 
-0.003694 
 0.055384 
 0.010385 
-0.004160 
 0.062578 
 0.009844 
-0.003698 
 0.061049 
 0.012430 
-0.004751 
 0.066326 
 0.007743 
-0.008635 
 0.075897 
 0.006573 
-0.008098 
 0.072374 
 0.010091 
-0.005619 
 0.067123 
 0.009013 
-0.004453 
 0.064589 
 0.007674 
-0.006347 
 0.068258 
 0.005095 
-0.006943 
 0.069721 
 0.003901 
-0.005282 
 0.066215 
 0.012877 
-0.007156 
 0.072802 
 0.011689 
-0.006341 
 0.069418 
 0.010438 
-0.008020 
 0.074619 
-0.003070 
-0.001049 
 0.070447 
-0.002329 
-0.003343 
 0.061903 
-0.002136 
-0.002744 
 0.066424 
 0.008223 
-0.004820 
 0.077290 
 0.017482 
-0.007333 
 0.084140 
-0.003844 
-0.002237 
 0.052675 
-0.003324 
-0.003016 
 0.057521 
-0.004027 
-0.001596 
 0.049001 
 0.004535 
-0.003884 
 0.060433 
 0.013130 
-0.006291 
 0.072291 
 0.022383 
-0.008803 
 0.089888 
 0.019643 
-0.009008 
 0.090974 
 0.018065 
-0.008080 
 0.081559 
 0.017354 
-0.008911 
 0.086872 
 0.016756 
-0.009280 
 0.092759 
 0.005981 
-0.005422 
 0.069909 
 0.014179 
-0.007094 
 0.077170 
 0.015638 
-0.007474 
 0.081453 
 0.076421 
 0.174960 
-0.087581 
 0.079741 
 0.137269 
-0.031552 
 0.080737 
 0.154847 
-0.059492 
 0.004229 
 0.184777 
-0.033846 
-0.069171 
 0.180327 
 0.033346 
 0.067482 
 0.101971 
-0.008178 
 0.075157 
 0.118003 
-0.016589 
 0.046867 
 0.081181 
-0.001423 
 0.058039 
 0.090218 
-0.003323 
 0.018426 
 0.101846 
 0.005348 
-0.022972 
 0.093747 
 0.024779 
-0.026911 
 0.108620 
 0.027469 
-0.125801 
 0.157139 
 0.090356 
-0.158982 
 0.125833 
 0.131801 
-0.077212 
 0.109711 
 0.063314 
-0.101194 
 0.087290 
 0.088706 
-0.126539 
 0.104469 
 0.108267 
-0.147450 
 0.073283 
 0.154757 
-0.122007 
 0.026808 
 0.161046 
 0.018263 
 0.140192 
-0.002638 
-0.036564 
 0.129218 
 0.030803 
-0.051218 
 0.154429 
 0.033706 
 0.003227 
 0.057253 
 0.001605 
 0.025590 
 0.069571 
 0.000436 
-0.024594 
 0.039433 
 0.000990 
-0.016603 
 0.047460 
 0.002287 
-0.025263 
 0.054253 
 0.008431 
-0.040275 
 0.048783 
 0.017762 
-0.033987 
 0.060812 
 0.018073 
-0.036225 
 0.025861 
-0.004281 
-0.031522 
 0.032380 
-0.001188 
-0.038982 
 0.019203 
-0.008248 
-0.045248 
 0.022048 
 0.000106 
-0.049700 
 0.023440 
 0.010756 
-0.050569 
 0.041647 
 0.028639 
-0.053518 
 0.033697 
 0.037572 
-0.053378 
 0.044350 
 0.040393 
-0.052308 
 0.024355 
 0.022669 
-0.052293 
 0.024960 
 0.033742 
-0.043587 
 0.021903 
 0.050032 
-0.033111 
 0.018382 
 0.063867 
-0.039216 
 0.036501 
 0.006303 
-0.049059 
 0.031018 
 0.014488 
-0.046019 
 0.039671 
 0.016882 
-0.089180 
-0.019433 
 0.161723 
-0.057416 
-0.054057 
 0.153773 
-0.052603 
-0.015109 
 0.115547 
-0.034515 
-0.029481 
 0.114412 
-0.041199 
-0.047039 
 0.131219 
-0.028012 
-0.084909 
 0.146602 
-0.010685 
-0.095550 
 0.141086 
-0.037009 
 0.003088 
 0.091099 
-0.020235 
-0.007672 
 0.093863 
-0.027504 
-0.016638 
 0.102751 
-0.021851 
 0.010525 
 0.078232 
-0.012965 
-0.001357 
 0.088045 
-0.003830 
-0.015520 
 0.097022 
 0.005335 
-0.032574 
 0.105607 
 0.005503 
-0.100350 
 0.136475 
 0.016190 
-0.084924 
 0.126044 
 0.014071 
-0.052038 
 0.113757 
 0.018165 
-0.061556 
 0.116362 
 0.023972 
-0.072743 
 0.120031 
-0.017407 
-0.041070 
 0.115251 
-0.000489 
-0.049285 
 0.114730 
-0.006039 
-0.070586 
 0.126998 
 0.005993 
 0.085046 
 0.006267 
-0.050052 
 0.063331 
 0.035288 
-0.030428 
 0.075020 
 0.020890 
-0.025644 
 0.086624 
 0.023801 
-0.057643 
 0.083486 
 0.048656 
-0.056066 
 0.040323 
 0.058873 
-0.059512 
 0.053161 
 0.047881 
-0.040174 
 0.023719 
 0.071219 
-0.048474 
 0.023208 
 0.078263 
-0.057240 
 0.020977 
 0.087833 
-0.090216 
 0.076346 
 0.080591 
-0.109092 
 0.058083 
 0.113852 
-0.067289 
 0.015886 
 0.101773 
-0.080994 
 0.013346 
 0.120328 
-0.104679 
 0.020980 
 0.145227 
-0.067146 
 0.056973 
 0.056556 
-0.075828 
 0.043691 
 0.078811 
-0.076592 
 0.062409 
 0.067624 
 0.196176 
 0.002760 
 0.042799 
 0.183827 
 0.007097 
 0.033655 
 0.190028 
 0.005328 
 0.037915 
 0.168365 
 0.003187 
 0.060520 
 0.139882 
 0.003521 
 0.077633 
 0.170387 
 0.000411 
 0.027073 
 0.179505 
 0.007448 
 0.030745 
 0.143341 
-0.030177 
 0.016288 
 0.157260 
-0.014112 
 0.021852 
 0.145804 
-0.003167 
 0.044972 
 0.120705 
-0.006352 
 0.062068 
 0.126308 
 0.002957 
 0.067316 
 0.111222 
 0.003922 
 0.095362 
 0.088357 
 0.004244 
 0.096434 
 0.102123 
 0.003248 
 0.087289 
 0.081876 
 0.002137 
 0.087457 
 0.084905 
 0.003463 
 0.091585 
 0.074474 
 0.004054 
 0.080855 
 0.061790 
 0.003503 
 0.065025 
 0.160122 
 0.005842 
 0.052920 
 0.131701 
 0.004449 
 0.070974 
 0.137076 
 0.004392 
 0.074868 
 0.112806 
-0.073933 
 0.005402 
 0.129476 
-0.052089 
 0.010883 
 0.053514 
-0.127210 
-0.005681 
 0.088569 
-0.100131 
-0.000840 
 0.099702 
-0.085789 
 0.016289 
 0.085424 
-0.097180 
 0.024445 
 0.097466 
-0.071027 
 0.034675 
-0.016318 
-0.164341 
-0.009215 
 0.012803 
-0.153562 
-0.007055 
-0.086318 
-0.170698 
-0.001967 
-0.050006 
-0.170960 
-0.007556 
-0.023079 
-0.180306 
 0.000482 
-0.030070 
-0.193817 
 0.010448 
-0.001205 
-0.183504 
 0.008467 
 0.071794 
-0.109813 
 0.030381 
 0.061305 
-0.113624 
 0.019309 
 0.073004 
-0.085458 
 0.033422 
 0.022586 
-0.174354 
 0.014994 
 0.014383 
-0.174150 
 0.008303 
 0.042664 
-0.144304 
 0.010193 
 0.052630 
-0.116836 
 0.005073 
 0.044462 
-0.119482 
-0.007394 
 0.055449 
-0.094705 
 0.001556 
 0.043183 
-0.147386 
 0.002282 
 0.032382 
-0.162726 
 0.009299 
 0.064668 
-0.130887 
 0.014551 
 0.050963 
 0.002557 
 0.049553 
 0.039040 
 0.001611 
 0.034219 
 0.050867 
-0.006557 
 0.040020 
 0.041316 
-0.010427 
 0.023994 
 0.039856 
-0.003754 
 0.029450 
 0.025467 
 0.000027 
 0.018406 
 0.009592 
-0.001859 
 0.004611 
 0.054887 
-0.030887 
 0.025152 
 0.046003 
-0.038210 
 0.007169 
 0.044430 
-0.020001 
 0.018071 
 0.053519 
-0.076304 
-0.001632 
 0.044576 
-0.082015 
-0.014936 
 0.046518 
-0.059881 
-0.004701 
 0.036357 
-0.044854 
-0.008064 
 0.025165 
-0.049764 
-0.019722 
 0.022931 
-0.032074 
-0.012058 
-0.006378 
-0.003787 
-0.004943 
-0.014900 
-0.006468 
-0.011254 
 0.004481 
-0.024307 
-0.014671 
-0.004804 
-0.027914 
-0.020024 
-0.010513 
-0.016916 
-0.015299 
-0.023879 
-0.008738 
-0.014635 
-0.032346 
-0.010434 
-0.015220 
 0.030397 
-0.016109 
 0.007462 
 0.016791 
-0.020637 
-0.005953 
 0.012355 
-0.010753 
-0.000450 
 0.134979 
-0.041641 
 0.033432 
 0.093672 
-0.057158 
 0.060588 
 0.113759 
-0.049877 
 0.047909 
 0.122952 
-0.027081 
 0.058545 
 0.103266 
-0.011819 
 0.086134 
 0.073887 
-0.066823 
 0.033908 
 0.082841 
-0.062033 
 0.052064 
 0.064567 
-0.073263 
 0.015045 
 0.066825 
-0.047963 
 0.031080 
 0.066051 
-0.025580 
 0.046024 
 0.087366 
-0.001123 
 0.092092 
 0.076304 
-0.000117 
 0.078448 
 0.064847 
-0.008942 
 0.056513 
 0.064398 
-0.003341 
 0.060245 
 0.065792 
 0.000614 
 0.065492 
 0.084648 
-0.038090 
 0.067605 
 0.075268 
-0.020640 
 0.064426 
 0.086181 
-0.015997 
 0.082830 
-0.197566 
-0.156653 
 0.029564 
-0.158221 
-0.173803 
 0.014833 
-0.263799 
-0.108347 
 0.062165 
-0.234471 
-0.134838 
 0.046082 
-0.222876 
-0.159526 
 0.070770 
-0.243634 
-0.156650 
 0.118221 
-0.210983 
-0.181046 
 0.091671 
-0.227145 
-0.012093 
 0.093367 
-0.255425 
-0.059022 
 0.082479 
-0.152563 
 0.052717 
 0.069255 
-0.191095 
 0.025189 
 0.088200 
-0.195420 
 0.005656 
 0.133950 
-0.159569 
 0.021745 
 0.155949 
-0.196736 
-0.012662 
 0.172441 
-0.244806 
-0.134914 
 0.172556 
-0.205681 
-0.082368 
 0.192922 
-0.222752 
-0.137017 
 0.169954 
-0.195955 
-0.030059 
 0.203342 
-0.153277 
 0.002811 
 0.203969 
-0.182232 
-0.035999 
 0.204758 
-0.164067 
-0.039034 
 0.194849 
-0.124818 
-0.006611 
 0.185538 
-0.145596 
-0.041926 
 0.181830 
-0.260311 
-0.089390 
 0.119792 
-0.231937 
-0.059557 
 0.169658 
-0.256778 
-0.115498 
 0.150933 
-0.087428 
 0.099593 
 0.020908 
-0.118402 
 0.080330 
 0.044954 
-0.036971 
 0.115055 
-0.018776 
-0.059896 
 0.117878 
-0.004090 
-0.059492 
 0.107799 
 0.028771 
-0.037203 
 0.099527 
 0.042168 
-0.059561 
 0.099965 
 0.062987 
-0.003676 
 0.091964 
-0.040530 
-0.018944 
 0.100932 
-0.029816 
 0.023494 
 0.090003 
-0.055144 
 0.010109 
 0.088737 
-0.049304 
 0.008507 
 0.080056 
-0.028181 
 0.018094 
 0.074890 
-0.012330 
 0.006121 
 0.073053 
-0.004323 
-0.022507 
 0.079480 
 0.056227 
-0.010864 
 0.066528 
 0.057605 
-0.023274 
 0.075714 
 0.078309 
 0.002773 
 0.067479 
 0.021908 
 0.010649 
 0.065905 
 0.031972 
 0.000089 
 0.063604 
 0.041961 
-0.001615 
 0.061155 
 0.056388 
 0.005263 
 0.061649 
 0.060838 
-0.003409 
 0.059623 
 0.070871 
-0.019994 
 0.094334 
-0.003252 
-0.006635 
 0.077792 
 0.009063 
-0.021299 
 0.087063 
 0.026738 
-0.092866 
 0.020092 
 0.178306 
-0.062109 
 0.040278 
 0.161731 
-0.081879 
 0.013333 
 0.165596 
-0.048674 
 0.072846 
 0.163150 
-0.026350 
 0.080900 
 0.149679 
-0.042845 
 0.065482 
 0.157405 
-0.035816 
 0.058397 
 0.148795 
-0.015295 
 0.069075 
 0.136404 
-0.027828 
 0.051879 
 0.138115 
-0.021622 
 0.072851 
 0.129409 
-0.012996 
 0.063812 
 0.117614 
-0.019344 
 0.071074 
 0.135178 
-0.005667 
 0.060461 
 0.088873 
-0.000240 
 0.062982 
 0.089887 
-0.006905 
 0.060883 
 0.100821 
-0.007474 
 0.060405 
 0.104966 
-0.003394 
 0.062444 
 0.096128 
-0.007146 
 0.059140 
 0.102194 
-0.010784 
 0.056204 
 0.116975 
-0.009737 
 0.044976 
 0.101938 
-0.011220 
 0.045655 
 0.111792 
-0.006564 
 0.056694 
 0.097697 
-0.004742 
 0.052740 
 0.089581 
-0.007659 
 0.047350 
 0.094568 
-0.008231 
 0.039030 
 0.091828 
-0.006004 
 0.036911 
 0.085386 
-0.008308 
 0.031901 
 0.089763 
-0.016998 
 0.068816 
 0.134355 
-0.010372 
 0.060920 
 0.114670 
-0.013076 
 0.064985 
 0.127368 
-0.133188 
 0.071555 
 0.094869 
-0.067757 
 0.099741 
 0.110864 
-0.098683 
 0.084973 
 0.105534 
-0.137075 
 0.057590 
 0.142085 
-0.139750 
 0.046038 
 0.187184 
-0.025059 
 0.079253 
 0.103334 
-0.041748 
 0.099635 
 0.109637 
-0.013657 
 0.067707 
 0.096211 
-0.024498 
 0.077836 
 0.121565 
-0.036670 
 0.094532 
 0.147162 
-0.136047 
 0.040223 
 0.212279 
-0.125790 
 0.034801 
 0.214475 
-0.058915 
 0.084380 
 0.173697 
-0.085618 
 0.058687 
 0.193975 
-0.113868 
 0.028055 
 0.205757 
-0.068332 
 0.095294 
 0.141915 
-0.064494 
 0.089754 
 0.160469 
-0.101236 
 0.069785 
 0.178739 
-0.052562 
-0.014769 
-0.014514 
-0.058169 
-0.015475 
-0.009571 
-0.045599 
-0.037867 
-0.018930 
-0.047845 
-0.035806 
-0.013668 
-0.054360 
-0.026438 
-0.010522 
-0.061243 
-0.015901 
-0.003723 
-0.060800 
-0.016021 
 0.002188 
-0.039246 
-0.053182 
-0.010716 
-0.032809 
-0.040343 
 0.004638 
-0.037439 
-0.041577 
-0.014678 
-0.032330 
-0.044734 
 0.033310 
-0.022080 
-0.030634 
 0.045055 
-0.028474 
-0.036563 
 0.026415 
-0.023918 
-0.028738 
 0.018579 
-0.013078 
-0.018065 
 0.031179 
-0.020984 
-0.021594 
 0.015245 
-0.052503 
-0.013656 
 0.017526 
-0.039852 
-0.010876 
 0.032934 
-0.023791 
-0.015860 
 0.028079 
-0.014113 
-0.011204 
 0.041246 
-0.025904 
-0.011945 
 0.038595 
-0.027786 
-0.009029 
 0.047165 
-0.017434 
-0.007988 
 0.059613 
-0.045481 
-0.031377 
-0.002272 
-0.035790 
-0.023372 
 0.013781 
-0.050553 
-0.022033 
 0.008679 
-0.018936 
-0.029596 
 0.067923 
-0.006484 
-0.014932 
 0.078108 
-0.014669 
-0.023706 
 0.063988 
-0.001960 
-0.007219 
 0.094644 
 0.007279 
 0.004956 
 0.101462 
 0.001947 
-0.004700 
 0.092084 
 0.006261 
-0.001533 
 0.089453 
 0.015085 
 0.008897 
 0.097106 
 0.010929 
 0.001789 
 0.086668 
-0.003432 
 0.013224 
 0.102878 
-0.004684 
 0.014433 
 0.096858 
 0.000444 
 0.008485 
 0.099123 
-0.008439 
 0.025686 
 0.096729 
-0.007056 
 0.028488 
 0.092273 
-0.007195 
 0.020736 
 0.094709 
-0.005616 
 0.016848 
 0.092812 
-0.006246 
 0.020203 
 0.089351 
-0.003766 
 0.014006 
 0.090970 
 0.011585 
 0.012609 
 0.094830 
 0.007028 
 0.015594 
 0.092060 
 0.012110 
 0.012367 
 0.092624 
-0.001403 
 0.015114 
 0.090913 
-0.004180 
 0.018799 
 0.088381 
 0.000910 
 0.017178 
 0.090946 
 0.001498 
 0.017245 
 0.089808 
-0.003462 
 0.018862 
 0.087098 
 0.000594 
 0.015316 
 0.087764 
 0.004431 
 0.007887 
 0.099487 
 0.001433 
 0.011613 
 0.095658 
 0.008140 
 0.010320 
 0.098583 
-0.006262 
-0.007317 
 0.077494 
 0.004913 
-0.006239 
 0.089322 
 0.016410 
-0.000960 
 0.086642 
 0.018751 
 0.001112 
 0.092265 
 0.015937 
-0.003140 
 0.095139 
 0.016256 
-0.005050 
 0.102142 
 0.019083 
-0.004542 
 0.107665 
 0.012722 
 0.007678 
 0.080545 
 0.006610 
 0.008954 
 0.079402 
 0.013392 
 0.005239 
 0.082776 
-0.000078 
 0.013752 
 0.086915 
-0.005254 
 0.014994 
 0.084875 
 0.000039 
 0.011929 
 0.083416 
 0.000671 
 0.010079 
 0.078778 
-0.005197 
 0.010899 
 0.077383 
 0.001611 
 0.007040 
 0.082451 
 0.014791 
-0.005220 
 0.109650 
 0.010120 
-0.005598 
 0.110143 
 0.002582 
 0.002586 
 0.093582 
-0.002936 
 0.003043 
 0.093651 
 0.003814 
-0.001763 
 0.103292 
 0.005270 
-0.005895 
 0.111912 
 0.000175 
-0.006010 
 0.113516 
 0.013801 
 0.001693 
 0.095310 
 0.008203 
 0.002201 
 0.094998 
 0.014260 
-0.001964 
 0.104417 
-0.011563 
-0.020280 
 0.065352 
 0.014952 
 0.003721 
 0.091232 
 0.003003 
-0.006861 
 0.078369 
-0.006284 
-0.014497 
 0.058732 
-0.002823 
-0.010761 
 0.051174 
 0.012416 
 0.011687 
 0.096746 
 0.019881 
 0.010286 
 0.100507 
 0.005929 
 0.013210 
 0.094214 
 0.012591 
 0.009974 
 0.092009 
 0.020830 
 0.006761 
 0.087753 
-0.002469 
-0.009090 
 0.050208 
-0.005437 
-0.008667 
 0.063713 
 0.018311 
 0.001241 
 0.081262 
 0.006026 
-0.004758 
 0.078938 
-0.006872 
-0.008388 
 0.075342 
 0.015695 
 0.003172 
 0.088422 
 0.017472 
 0.002532 
 0.081659 
 0.006946 
-0.003968 
 0.067430 
-0.178047 
-0.288758 
 0.032360 
-0.256881 
-0.300743 
 0.134631 
-0.219623 
-0.299990 
 0.079066 
-0.130082 
-0.316711 
 0.038497 
-0.086101 
-0.332426 
 0.041423 
-0.277701 
-0.222807 
 0.202968 
-0.277017 
-0.265138 
 0.174988 
-0.184353 
-0.085830 
 0.225608 
-0.233720 
-0.146654 
 0.224593 
-0.222566 
-0.229683 
 0.161863 
-0.170456 
-0.234192 
 0.118716 
-0.165132 
-0.263760 
 0.099820 
-0.045489 
-0.315876 
 0.025186 
-0.011569 
-0.291632 
 0.004144 
-0.099683 
-0.285339 
 0.043709 
-0.058257 
-0.277427 
 0.010029 
-0.036827 
-0.288647 
 0.003056 
 0.027126 
-0.250647 
-0.017941 
 0.048053 
-0.212872 
-0.032298 
-0.207074 
-0.310519 
 0.112929 
-0.150858 
-0.299731 
 0.079062 
-0.123933 
-0.328756 
 0.059219 
-0.093075 
 0.000738 
 0.200439 
-0.135850 
-0.034700 
 0.219967 
-0.034025 
 0.048336 
 0.171840 
-0.056030 
 0.029960 
 0.181703 
-0.074734 
-0.017375 
 0.168768 
-0.066364 
-0.034460 
 0.144770 
-0.088035 
-0.067926 
 0.147621 
-0.014110 
 0.043686 
 0.144194 
-0.016096 
 0.059251 
 0.166676 
-0.012376 
 0.035162 
 0.129367 
-0.010348 
 0.028266 
 0.135900 
-0.005126 
 0.022060 
 0.143425 
-0.056160 
-0.048109 
 0.124063 
-0.043229 
-0.056907 
 0.103635 
-0.062980 
-0.088035 
 0.098141 
-0.013320 
-0.004186 
 0.130093 
-0.022422 
-0.032950 
 0.109970 
-0.033330 
-0.051007 
 0.093072 
-0.043143 
-0.066557 
 0.073877 
-0.031062 
 0.027669 
 0.161975 
-0.023695 
 0.009530 
 0.146465 
-0.046332 
-0.010539 
 0.147290 
 0.057731 
-0.184919 
-0.044711 
 0.050529 
-0.152782 
-0.049255 
-0.001329 
-0.188454 
-0.049445 
-0.016080 
-0.153250 
-0.042586 
 0.019452 
-0.158749 
-0.055901 
 0.034371 
-0.123367 
-0.051170 
 0.013822 
-0.095961 
-0.047205 
-0.058782 
-0.158212 
-0.007273 
-0.061448 
-0.127702 
-0.008418 
-0.044756 
-0.143670 
-0.025516 
-0.054262 
-0.084667 
 0.048449 
-0.059861 
-0.095374 
 0.019862 
-0.061512 
-0.101889 
-0.013140 
-0.052753 
-0.090292 
-0.031699 
-0.004145 
-0.073188 
-0.048324 
-0.031909 
-0.054628 
-0.040040 
-0.044819 
-0.074700 
-0.044921 
-0.051947 
-0.056273 
-0.036450 
-0.055877 
-0.037528 
-0.030880 
-0.030163 
-0.127583 
-0.040944 
-0.038712 
-0.100026 
-0.043017 
-0.014982 
-0.103270 
-0.049908 
-0.172927 
-0.117680 
 0.214655 
-0.105146 
-0.145346 
 0.122575 
-0.131689 
-0.135149 
 0.164810 
-0.178214 
-0.213676 
 0.157848 
-0.140451 
-0.272772 
 0.086875 
-0.072652 
-0.141783 
 0.067215 
-0.087888 
-0.151474 
 0.090733 
-0.064830 
-0.114712 
 0.058215 
-0.073847 
-0.170086 
 0.025452 
-0.061187 
-0.210089 
-0.005362 
-0.081302 
-0.304254 
 0.020126 
-0.020315 
-0.300505 
-0.030621 
-0.029163 
-0.238106 
-0.034886 
 0.005943 
-0.255126 
-0.055278 
 0.030437 
-0.256719 
-0.051904 
-0.100514 
-0.233031 
 0.061068 
-0.064760 
-0.264751 
-0.001288 
-0.089960 
-0.285949 
 0.031842 
 0.064208 
 0.164363 
-0.100091 
 0.104912 
 0.180219 
-0.102820 
 0.093996 
 0.190574 
-0.113326 
 0.059380 
 0.151742 
-0.065930 
 0.052660 
 0.141054 
-0.026250 
 0.119998 
 0.129689 
-0.048396 
 0.111943 
 0.156270 
-0.078402 
 0.149455 
 0.073093 
 0.024680 
 0.133199 
 0.102958 
-0.013808 
 0.109197 
 0.118373 
-0.020633 
 0.095941 
 0.109129 
 0.009061 
 0.091900 
 0.135074 
-0.015008 
 0.045364 
 0.135600 
 0.017313 
 0.037636 
 0.129262 
 0.051859 
 0.078836 
 0.155088 
 0.007812 
 0.068434 
 0.148717 
 0.040301 
 0.063168 
 0.161760 
 0.046760 
 0.031760 
 0.125477 
 0.078469 
 0.024938 
 0.122343 
 0.105119 
 0.102002 
 0.175533 
-0.073043 
 0.092121 
 0.165302 
-0.033346 
 0.083970 
 0.177470 
-0.037678 
 0.209900 
-0.002890 
 0.120926 
 0.181400 
 0.037624 
 0.075346 
 0.203292 
-0.081090 
 0.130874 
 0.216000 
-0.042694 
 0.136916 
 0.186304 
-0.016524 
 0.147646 
 0.155835 
-0.026335 
 0.157496 
 0.138106 
 0.013861 
 0.128636 
 0.163881 
-0.152092 
 0.112825 
 0.187830 
-0.120535 
 0.123716 
 0.109868 
-0.194718 
 0.096611 
 0.138227 
-0.178768 
 0.103984 
 0.127552 
-0.152086 
 0.094730 
 0.092964 
-0.146189 
 0.072360 
 0.116337 
-0.124471 
 0.094710 
 0.124155 
-0.034021 
 0.155049 
 0.096827 
-0.029366 
 0.141410 
 0.090088 
 0.005991 
 0.143432 
 0.102458 
-0.096033 
 0.102316 
 0.080437 
-0.081207 
 0.090321 
 0.091307 
-0.056804 
 0.117609 
 0.074702 
-0.023411 
 0.127296 
 0.053699 
-0.017698 
 0.109594 
 0.050512 
 0.009159 
 0.120410 
 0.177853 
-0.095025 
 0.134876 
 0.140524 
-0.098733 
 0.122849 
 0.156222 
-0.064285 
 0.147350 
 0.019309 
 0.133530 
 0.146625 
 0.011600 
 0.134819 
 0.171338 
 0.037120 
 0.146437 
 0.140753 
 0.025320 
 0.144481 
 0.158577 
 0.027435 
 0.171961 
 0.193824 
 0.005700 
 0.135903 
 0.183509 
 0.002021 
 0.133993 
 0.180363 
 0.029270 
 0.092202 
 0.123497 
 0.017733 
 0.087467 
 0.119377 
 0.021183 
 0.115068 
 0.134972 
 0.030418 
 0.039002 
 0.115395 
 0.015992 
 0.038011 
 0.100015 
 0.016077 
 0.062985 
 0.110390 
 0.007019 
 0.085260 
 0.111368 
-0.003075 
 0.083399 
 0.096918 
 0.002437 
 0.109195 
 0.122463 
-0.000380 
 0.133710 
 0.178027 
-0.002150 
 0.114113 
 0.171111 
 0.003781 
 0.129590 
 0.150948 
 0.001618 
 0.109096 
 0.143645 
 0.008104 
 0.139159 
 0.183688 
-0.003920 
 0.097880 
 0.167824 
-0.005435 
 0.082734 
 0.163988 
 0.017321 
 0.148058 
 0.169679 
 0.008815 
 0.144429 
 0.164043 
 0.014104 
 0.175463 
 0.208897 
 0.163881 
 0.072335 
 0.066645 
 0.114175 
 0.049457 
 0.126259 
 0.141317 
 0.059391 
 0.100520 
 0.127564 
 0.098461 
 0.053343 
 0.099505 
 0.123218 
 0.051634 
 0.070384 
 0.044956 
 0.146179 
 0.091960 
 0.046901 
 0.144468 
 0.051175 
 0.043071 
 0.138133 
 0.047571 
 0.075307 
 0.136518 
 0.048251 
 0.106042 
 0.129501 
 0.083482 
 0.150889 
 0.061357 
 0.072810 
 0.176014 
 0.087504 
 0.053069 
 0.137445 
 0.122558 
 0.058243 
 0.170014 
 0.125919 
 0.057452 
 0.193416 
 0.142281 
 0.088175 
 0.084402 
 0.114668 
 0.068260 
 0.113032 
 0.110493 
 0.085756 
 0.120006 
 0.085150 
 0.061944 
-0.241914 
 0.120651 
 0.086756 
-0.249527 
 0.115828 
 0.052909 
-0.181476 
 0.131912 
 0.052953 
-0.217430 
 0.128111 
 0.027311 
-0.195968 
 0.088920 
 0.010850 
-0.140339 
 0.060067 
 0.001246 
-0.175237 
 0.048673 
-0.031334 
-0.113270 
 0.118196 
 0.011536 
-0.148709 
 0.127472 
-0.100622 
-0.050958 
 0.101596 
-0.068465 
-0.081496 
 0.111018 
-0.041841 
-0.068663 
 0.100964 
-0.028837 
-0.029490 
 0.092853 
-0.023173 
-0.055544 
 0.087726 
-0.011266 
-0.093814 
 0.037542 
-0.012638 
-0.058327 
 0.030520 
-0.010478 
-0.082240 
 0.015061 
-0.011800 
-0.041971 
 0.070800 
 0.007840 
-0.014895 
 0.062577 
-0.005386 
-0.036625 
 0.047657 
-0.000430 
-0.035749 
 0.026132 
 0.016799 
-0.018399 
 0.018575 
 0.002094 
-0.035619 
 0.006568 
 0.013121 
-0.137352 
 0.107092 
-0.013746 
-0.086800 
 0.083553 
 0.004689 
-0.117764 
 0.075150 
-0.180381 
 0.003941 
 0.083839 
-0.147149 
-0.022472 
 0.096992 
-0.271452 
 0.034983 
 0.065653 
-0.218547 
 0.027977 
 0.070586 
-0.140398 
 0.038199 
 0.084760 
-0.103831 
 0.055946 
 0.097967 
-0.064014 
 0.048452 
 0.097668 
-0.421814 
 0.016784 
 0.082709 
-0.352578 
 0.026973 
 0.074065 
-0.496119 
 0.006301 
 0.094456 
-0.407803 
 0.018472 
 0.120098 
-0.318715 
 0.030199 
 0.144227 
-0.087606 
 0.058748 
 0.128892 
-0.093074 
 0.053267 
 0.140603 
-0.030176 
 0.061169 
 0.121964 
-0.227692 
 0.042760 
 0.169056 
-0.158586 
 0.048282 
 0.165634 
-0.120685 
 0.045492 
 0.134492 
-0.086790 
 0.042946 
 0.104340 
-0.276191 
 0.039549 
 0.097845 
-0.257745 
 0.040536 
 0.132262 
-0.184243 
 0.050672 
 0.117450 
 0.042600 
-0.003215 
 0.007076 
 0.066888 
 0.012567 
-0.010303 
 0.041918 
-0.003564 
-0.015114 
 0.090718 
 0.033274 
 0.015199 
 0.100727 
 0.042540 
-0.009307 
 0.093531 
 0.029903 
-0.009367 
 0.094311 
 0.030294 
-0.032638 
 0.109454 
 0.045960 
-0.056038 
 0.094952 
 0.035675 
-0.054197 
 0.045913 
 0.043235 
 0.030906 
 0.017672 
 0.039908 
 0.022505 
 0.060340 
 0.040315 
 0.004006 
-0.053978 
 0.044087 
 0.076357 
-0.023714 
 0.044325 
 0.047514 
 0.004687 
 0.047051 
 0.021008 
 0.030983 
 0.052868 
-0.002058 
 0.084674 
 0.046774 
-0.061379 
 0.058689 
 0.046141 
-0.053434 
 0.075804 
 0.042738 
-0.068554 
 0.051558 
 0.060316 
-0.020896 
 0.047248 
 0.056264 
-0.030791 
 0.042908 
 0.056624 
-0.030279 
 0.037730 
 0.061204 
-0.014541 
 0.077139 
 0.042831 
-0.022951 
 0.059298 
 0.049175 
-0.027809 
 0.088627 
 0.047825 
-0.047677 
-0.110302 
-0.016196 
 0.125581 
 0.020131 
 0.069961 
 0.132597 
-0.058888 
 0.028986 
 0.126721 
-0.046765 
-0.004030 
 0.128620 
 0.009411 
 0.009622 
 0.125981 
 0.000002 
 0.064493 
 0.107981 
 0.046407 
 0.084289 
 0.125362 
-0.037701 
 0.051924 
 0.095002 
 0.029220 
 0.056246 
 0.071321 
 0.095219 
 0.063282 
 0.054074 
 0.033941 
 0.010267 
 0.101713 
 0.043815 
 0.004257 
 0.069325 
 0.101757 
 0.047508 
 0.051201 
 0.077455 
 0.023061 
 0.047547 
 0.049916 
-0.001061 
 0.038784 
 0.075114 
 0.073115 
 0.123830 
 0.093207 
 0.060373 
 0.087763 
 0.058481 
 0.042329 
 0.118520 
-0.013063 
 0.104932 
 0.262177 
-0.015401 
 0.089231 
 0.257857 
-0.021280 
 0.074876 
 0.193206 
-0.028028 
 0.061748 
 0.184854 
-0.012293 
 0.105305 
 0.262168 
-0.017980 
 0.078103 
 0.258946 
-0.020411 
 0.068302 
 0.255049 
-0.042876 
 0.009083 
 0.079529 
-0.045901 
 0.011889 
 0.082348 
-0.040015 
 0.029350 
 0.126012 
-0.048896 
-0.009335 
 0.014395 
-0.055409 
-0.003816 
 0.009918 
-0.051761 
 0.002109 
 0.047053 
-0.051934 
 0.016168 
 0.084956 
-0.058607 
 0.020236 
 0.082179 
-0.050057 
 0.034069 
 0.131957 
-0.021229 
 0.070288 
 0.268735 
-0.020912 
 0.071622 
 0.268843 
-0.045237 
 0.058833 
 0.196296 
-0.050909 
 0.052799 
 0.193760 
-0.034513 
 0.081096 
 0.266854 
-0.023888 
 0.069093 
 0.271531 
-0.028354 
 0.060069 
 0.266098 
-0.037157 
 0.062278 
 0.203893 
-0.041631 
 0.061212 
 0.205001 
-0.026487 
 0.093572 
 0.284322 
-0.052874 
-0.013535 
-0.056607 
-0.065500 
-0.007498 
-0.076440 
-0.066167 
-0.008885 
-0.036667 
-0.011605 
 0.027948 
-0.061703 
-0.024524 
 0.035409 
-0.073650 
-0.046642 
 0.013246 
-0.081260 
-0.083012 
-0.002198 
-0.105188 
-0.098409 
 0.003733 
-0.112977 
-0.095501 
 0.001578 
-0.080793 
 0.021040 
 0.066508 
-0.025784 
 0.005089 
 0.071289 
 0.013942 
-0.008522 
 0.056940 
-0.022910 
 0.035116 
 0.090185 
 0.017597 
 0.017098 
 0.086172 
 0.040995 
-0.006016 
 0.076612 
 0.060730 
-0.033510 
 0.061730 
 0.074934 
-0.116986 
 0.005895 
-0.051197 
-0.122605 
 0.002925 
 0.022272 
-0.113034 
 0.004145 
-0.000727 
-0.067174 
 0.042423 
 0.085626 
-0.102003 
 0.018373 
 0.088202 
-0.123769 
-0.002929 
 0.101573 
-0.109840 
-0.010006 
 0.153605 
-0.045554 
 0.046217 
-0.029350 
-0.059865 
 0.047390 
 0.028667 
-0.085553 
 0.027419 
-0.040387 
-0.038883 
 0.063300 
 0.319586 
-0.041676 
 0.054259 
 0.309432 
-0.079573 
 0.038307 
 0.226094 
-0.077483 
 0.027603 
 0.250248 
-0.066147 
 0.048449 
 0.294542 
-0.043770 
 0.046421 
 0.303037 
-0.040533 
 0.033170 
 0.323061 
-0.090840 
 0.003569 
 0.199467 
-0.084999 
-0.009992 
 0.267795 
-0.083272 
 0.007259 
 0.262102 
-0.105664 
-0.018723 
 0.234646 
-0.092249 
-0.023000 
 0.287916 
-0.080159 
-0.025557 
 0.341886 
-0.069725 
-0.026153 
 0.397429 
-0.036533 
 0.015223 
 0.398931 
-0.029709 
-0.005297 
 0.449864 
-0.061241 
-0.025359 
 0.467521 
-0.046158 
-0.024813 
 0.513814 
-0.022466 
-0.026084 
 0.507611 
-0.081335 
 0.014039 
 0.357050 
-0.073243 
-0.005826 
 0.425403 
-0.065437 
 0.018890 
 0.425266 
-0.103647 
 0.001772 
-0.001908 
-0.133697 
 0.010840 
-0.048154 
-0.122791 
 0.008508 
-0.026764 
-0.110123 
 0.018606 
 0.055290 
-0.107407 
 0.034404 
 0.125997 
-0.138254 
 0.003506 
 0.081398 
-0.143493 
 0.011042 
-0.027661 
-0.135176 
-0.008288 
 0.185986 
-0.127288 
 0.002948 
 0.166346 
-0.123049 
 0.019274 
 0.147633 
-0.105886 
 0.053443 
 0.224073 
-0.096186 
 0.076496 
 0.327651 
-0.119079 
 0.038159 
 0.209148 
-0.105299 
 0.065045 
 0.324805 
-0.080042 
 0.100115 
 0.442815 
-0.144149 
 0.019349 
 0.033512 
-0.135106 
 0.028304 
 0.124490 
-0.131216 
 0.033661 
 0.138712 
 0.239552 
-0.714818 
 0.256200 
-0.039670 
-0.511622 
 0.024808 
 0.083255 
-0.638812 
 0.136839 
 0.219843 
-0.658842 
 0.185557 
 0.200158 
-0.579174 
 0.149640 
 0.009389 
-0.262146 
-0.013124 
-0.033644 
-0.388155 
-0.001919 
-0.007627 
-0.132284 
-0.060838 
-0.018862 
-0.197628 
-0.037369 
 0.053471 
-0.251654 
-0.027913 
 0.077465 
-0.201737 
-0.021501 
 0.085484 
-0.298201 
 0.017699 
 0.256860 
-0.473341 
 0.232174 
 0.258861 
-0.319542 
 0.308730 
 0.135551 
-0.309719 
 0.107371 
 0.119507 
-0.205561 
 0.141532 
 0.185841 
-0.274166 
 0.230261 
 0.227469 
-0.194770 
 0.374845 
 0.154160 
-0.083409 
 0.383891 
 0.033918 
-0.564425 
 0.013761 
 0.116466 
-0.460997 
 0.060406 
 0.159644 
-0.604662 
 0.107328 
 0.133212 
 0.006875 
-0.151858 
 0.054122 
-0.076491 
-0.116195 
 0.305466 
 0.132208 
-0.202043 
 0.238296 
 0.102593 
-0.197485 
 0.173956 
 0.086770 
-0.146322 
 0.182022 
 0.098755 
-0.076557 
 0.131824 
 0.069249 
-0.108451 
 0.225274 
 0.180424 
-0.179332 
 0.343205 
 0.177069 
-0.248015 
 0.150086 
 0.209706 
-0.084670 
 0.160513 
 0.199016 
-0.116651 
 0.162220 
 0.180056 
-0.171082 
 0.161949 
 0.103674 
-0.036422 
 0.079585 
 0.071112 
-0.036193 
 0.094843 
 0.056397 
-0.020518 
 0.110631 
 0.141224 
-0.138299 
 0.037804 
 0.084866 
-0.099243 
-0.037548 
 0.018966 
-0.093563 
-0.112810 
-0.054667 
-0.121209 
 0.360782 
 0.198511 
-0.201815 
 0.263731 
 0.195517 
-0.154495 
 0.284490 
 0.172304 
-0.107827 
 0.086963 
 0.078657 
 0.571584 
-0.022047 
 0.273887 
 0.534493 
-0.134664 
 0.040803 
 0.081423 
-0.131853 
 0.100663 
 0.212661 
-0.127099 
 0.245972 
 0.324285 
-0.102154 
 0.492272 
 0.558028 
-0.074029 
 0.551255 
 0.699085 
-0.185448 
-0.145559 
-0.110526 
-0.213388 
-0.098245 
 0.041987 
-0.182397 
-0.008671 
 0.148826 
-0.230861 
-0.128364 
-0.105897 
-0.252052 
-0.103095 
 0.055902 
-0.263247 
-0.050994 
 0.227480 
-0.219573 
 0.116362 
 0.549326 
-0.058382 
 0.800412 
 1.158054 
-0.027486 
 0.955469 
 1.550382 
-0.171964 
 0.394414 
 1.029106 
-0.092564 
 0.767356 
 1.573744 
 0.021329 
 1.233768 
 2.209684 
-0.221970 
 0.249183 
 0.598624 
-0.221352 
 0.347814 
 0.896285 
-0.171487 
 0.638931 
 1.092259 
 0.142466 
-0.369664 
-0.391784 
 0.265802 
 0.108109 
-0.294404 
 0.239062 
-0.047857 
-0.491395 
 0.282900 
-0.543997 
-0.374361 
 0.335853 
-0.641544 
-0.134556 
 0.025203 
-0.063654 
-0.162404 
 0.281870 
 0.092602 
-0.181443 
-0.345792 
-0.318691 
-0.396738 
-0.393331 
-0.477871 
-0.533797 
-0.442640 
-0.466500 
-0.484398 
 0.532398 
-1.082910 
 0.415997 
 0.547307 
-0.980909 
 1.296352 
-0.674150 
-0.337337 
-0.305894 
-0.475547 
-0.249280 
 0.828007 
 0.871813 
-0.897170 
 3.824991 
 0.465098 
-0.363946 
-1.762313 
-0.829088 
-1.240515 
-2.068031 
 0.715150 
-3.383855 
-4.354775 
