65.772574 
65.772574 
83.772574 
47.772574 
65.772574 
65.772574 
65.772574 
78.500496 
78.500496 
65.772574 
78.500496 
53.044652 
53.044652 
53.044652 
78.500496 
65.772574 
65.772574 
53.044652 
65.772574 
73.121043 
72.660875 
65.772574 
72.660875 
73.121043 
80.469512 
82.402405 
82.402405 
80.469512 
82.402405 
65.772574 
73.121043 
73.121043 
65.772574 
72.660875 
58.424104 
58.884272 
58.884272 
58.424104 
51.075635 
49.142742 
49.142742 
51.075635 
49.142742 
58.424104 
58.424104 
58.884272 
73.121043 
65.772574 
82.402405 
80.469512 
73.121043 
72.660875 
65.772574 
80.469512 
65.772574 
73.121043 
73.121043 
65.772574 
58.424104 
49.142742 
51.075635 
58.424104 
58.884272 
51.075635 
58.424104 
58.424104 
65.772574 
69.350197 
69.284199 
65.772574 
69.576421 
69.531812 
73.055644 
76.164878 
75.772838 
65.772574 
69.531812 
69.576421 
65.772574 
69.284199 
69.350197 
73.055644 
75.772838 
76.164878 
79.968726 
81.798334 
80.739027 
79.968726 
80.739027 
81.798334 
83.046867 
83.426709 
83.426709 
73.447799 
77.285412 
77.285412 
83.046867 
83.426709 
79.968726 
81.798334 
81.798334 
79.968726 
80.739027 
73.055644 
76.164878 
65.772574 
69.350197 
69.531812 
65.772574 
69.576421 
76.164878 
73.055644 
75.772838 
69.576421 
65.772574 
69.531812 
69.350197 
65.772574 
69.284199 
77.285412 
73.447799 
77.285412 
62.194950 
62.260948 
61.968726 
62.013335 
58.489503 
55.380269 
55.772309 
62.013335 
61.968726 
62.260948 
62.194950 
58.489503 
55.772309 
55.380269 
51.576421 
49.746813 
50.806121 
51.576421 
50.806121 
49.746813 
48.498280 
48.118439 
48.118439 
58.097348 
54.259735 
54.259735 
48.498280 
48.118439 
51.576421 
49.746813 
49.746813 
51.576421 
50.806121 
58.489503 
55.380269 
62.194950 
62.013335 
61.968726 
55.380269 
58.489503 
55.772309 
61.968726 
62.013335 
62.194950 
62.260948 
54.259735 
58.097348 
54.259735 
69.350197 
65.772574 
76.164878 
73.055644 
69.531812 
69.576421 
65.772574 
81.798334 
79.968726 
83.426709 
83.046867 
81.798334 
80.739027 
79.968726 
69.576421 
69.531812 
65.772574 
76.164878 
75.772838 
73.055644 
69.350197 
69.284199 
65.772574 
77.285412 
77.285412 
73.447799 
83.046867 
79.968726 
81.798334 
81.798334 
79.968726 
73.055644 
76.164878 
65.772574 
69.350197 
69.531812 
65.772574 
69.576421 
76.164878 
73.055644 
69.576421 
65.772574 
69.531812 
69.350197 
65.772574 
77.285412 
73.447799 
77.285412 
62.194950 
55.380269 
58.489503 
62.013335 
61.968726 
49.746813 
51.576421 
48.118439 
48.498280 
49.746813 
50.806121 
51.576421 
61.968726 
62.013335 
55.380269 
55.772309 
58.489503 
62.194950 
62.260948 
54.259735 
54.259735 
58.097348 
48.498280 
51.576421 
49.746813 
49.746813 
51.576421 
58.489503 
55.380269 
62.194950 
62.013335 
61.968726 
55.380269 
58.489503 
61.968726 
62.013335 
62.194950 
54.259735 
58.097348 
54.259735 
65.772574 
67.545335 
67.536882 
65.772574 
67.578306 
67.570389 
69.335039 
71.055037 
70.997698 
65.772574 
67.668827 
67.662910 
65.772574 
67.690909 
67.685762 
69.573252 
71.396848 
71.358092 
72.898658 
74.490716 
74.257715 
73.130054 
74.719503 
74.654981 
76.029248 
77.432439 
77.191653 
69.462884 
71.347401 
71.235309 
65.772574 
67.685762 
67.690909 
65.772574 
67.662910 
67.668827 
69.573252 
71.358092 
71.396848 
65.772574 
67.570389 
67.578306 
65.772574 
67.536882 
67.545335 
69.335039 
70.997698 
71.055037 
73.130054 
74.654981 
74.719503 
72.898658 
74.257715 
74.490716 
76.029248 
77.191653 
77.432439 
69.462884 
71.235309 
71.347401 
79.350774 
80.440237 
79.686762 
80.343778 
81.221504 
80.959992 
81.405814 
82.193461 
81.647156 
80.343778 
80.959992 
81.221504 
79.350774 
79.686762 
80.440237 
81.405814 
81.647156 
82.193461 
82.884993 
83.324688 
82.997500 
82.884993 
82.997500 
83.324688 
83.597125 
83.685899 
83.685899 
81.954125 
82.521906 
82.521906 
69.619614 
73.365671 
71.564737 
71.564737 
73.365671 
76.825570 
75.305232 
78.206404 
78.744933 
79.019207 
75.305232 
76.825570 
79.019207 
78.744933 
78.206404 
75.477523 
77.418513 
75.477523 
83.597125 
83.685899 
82.884993 
83.324688 
83.324688 
82.884993 
82.997500 
81.405814 
82.193461 
79.350774 
80.440237 
80.959992 
80.343778 
81.221504 
82.193461 
81.405814 
81.647156 
81.221504 
80.343778 
80.959992 
80.440237 
79.350774 
79.686762 
82.521906 
81.954125 
82.521906 
76.029248 
77.432439 
72.898658 
74.490716 
74.654981 
73.130054 
74.719503 
69.335039 
71.055037 
65.772574 
67.545335 
67.570389 
65.772574 
67.578306 
71.358092 
69.573252 
71.396848 
67.662910 
65.772574 
67.668827 
67.685762 
65.772574 
67.690909 
71.235309 
69.462884 
71.347401 
77.432439 
76.029248 
77.191653 
74.719503 
73.130054 
74.654981 
74.490716 
72.898658 
74.257715 
71.396848 
69.573252 
71.358092 
67.690909 
65.772574 
67.685762 
67.668827 
65.772574 
67.662910 
71.055037 
69.335039 
70.997698 
67.578306 
65.772574 
67.570389 
67.545335 
65.772574 
67.536882 
71.347401 
69.462884 
71.235309 
78.206404 
75.305232 
76.825570 
78.744933 
79.019207 
71.564737 
73.365671 
69.619614 
71.564737 
73.365671 
79.019207 
78.744933 
75.305232 
76.825570 
78.206404 
75.477523 
75.477523 
77.418513 
63.999812 
64.008265 
63.966841 
63.974759 
62.210109 
60.490110 
60.547449 
63.876320 
63.882238 
63.854238 
63.859385 
61.971896 
60.148299 
60.187055 
58.646489 
57.054431 
57.287432 
58.415093 
56.825644 
56.890167 
55.515900 
54.112708 
54.353495 
62.082263 
60.197746 
60.309839 
63.859385 
63.854238 
63.882238 
63.876320 
61.971896 
60.187055 
60.148299 
63.974759 
63.966841 
64.008265 
63.999812 
62.210109 
60.547449 
60.490110 
58.415093 
56.890167 
56.825644 
58.646489 
57.287432 
57.054431 
55.515900 
54.353495 
54.112708 
62.082263 
60.309839 
60.197746 
52.194373 
51.104910 
51.858385 
51.201370 
50.323643 
50.585155 
50.139333 
49.351686 
49.897991 
51.201370 
50.585155 
50.323643 
52.194373 
51.858385 
51.104910 
50.139333 
49.897991 
49.351686 
48.660154 
48.220460 
48.547648 
48.660154 
48.547648 
48.220460 
47.948022 
47.859249 
47.859249 
49.591022 
49.023241 
49.023241 
61.925533 
58.179476 
59.980411 
59.980411 
58.179476 
54.719577 
56.239916 
53.338743 
52.800214 
52.525940 
56.239916 
54.719577 
52.525940 
52.800214 
53.338743 
56.067624 
54.126634 
56.067624 
47.948022 
47.859249 
48.660154 
48.220460 
48.220460 
48.660154 
48.547648 
50.139333 
49.351686 
52.194373 
51.104910 
50.585155 
51.201370 
50.323643 
49.351686 
50.139333 
49.897991 
50.323643 
51.201370 
50.585155 
51.104910 
52.194373 
51.858385 
49.023241 
49.591022 
49.023241 
55.515900 
54.112708 
58.646489 
57.054431 
56.890167 
58.415093 
56.825644 
62.210109 
60.490110 
63.999812 
63.974759 
63.966841 
60.187055 
61.971896 
60.148299 
63.882238 
63.876320 
63.859385 
63.854238 
60.309839 
62.082263 
60.197746 
54.112708 
55.515900 
54.353495 
56.825644 
58.415093 
56.890167 
57.054431 
58.646489 
57.287432 
60.148299 
61.971896 
60.187055 
63.854238 
63.859385 
63.876320 
63.882238 
60.490110 
62.210109 
60.547449 
63.966841 
63.974759 
63.999812 
64.008265 
60.197746 
62.082263 
60.309839 
53.338743 
56.239916 
54.719577 
52.800214 
52.525940 
59.980411 
58.179476 
61.925533 
59.980411 
58.179476 
52.525940 
52.800214 
56.239916 
54.719577 
53.338743 
56.067624 
56.067624 
54.126634 
67.545335 
65.772574 
71.055037 
69.335039 
67.570389 
67.578306 
65.772574 
74.490716 
72.898658 
77.432439 
76.029248 
74.654981 
74.719503 
73.130054 
67.662910 
67.668827 
65.772574 
71.358092 
71.396848 
69.573252 
67.685762 
67.690909 
65.772574 
71.235309 
71.347401 
69.462884 
80.440237 
79.350774 
82.193461 
81.405814 
80.959992 
81.221504 
80.343778 
83.324688 
82.884993 
83.685899 
83.597125 
83.324688 
82.997500 
82.884993 
81.221504 
80.959992 
80.343778 
82.193461 
81.647156 
81.405814 
80.440237 
79.686762 
79.350774 
82.521906 
82.521906 
81.954125 
67.690909 
67.685762 
65.772574 
71.396848 
71.358092 
69.573252 
67.668827 
67.662910 
65.772574 
74.719503 
74.654981 
73.130054 
77.432439 
77.191653 
76.029248 
74.490716 
74.257715 
72.898658 
67.578306 
67.570389 
65.772574 
71.055037 
70.997698 
69.335039 
67.545335 
67.536882 
65.772574 
71.347401 
71.235309 
69.462884 
78.206404 
79.019207 
78.744933 
76.825570 
75.305232 
78.744933 
79.019207 
78.206404 
76.825570 
75.305232 
73.365671 
71.564737 
73.365671 
71.564737 
69.619614 
77.418513 
75.477523 
75.477523 
83.597125 
82.884993 
83.324688 
83.324688 
82.884993 
81.405814 
82.193461 
79.350774 
80.440237 
80.959992 
80.343778 
81.221504 
82.193461 
81.405814 
81.221504 
80.343778 
80.959992 
80.440237 
79.350774 
82.521906 
81.954125 
82.521906 
76.029248 
77.432439 
72.898658 
74.490716 
74.654981 
73.130054 
74.719503 
69.335039 
71.055037 
65.772574 
67.545335 
67.570389 
65.772574 
67.578306 
71.358092 
69.573252 
71.396848 
67.662910 
65.772574 
67.668827 
67.685762 
65.772574 
67.690909 
71.235309 
69.462884 
71.347401 
77.432439 
76.029248 
74.719503 
73.130054 
74.654981 
74.490716 
72.898658 
71.396848 
69.573252 
71.358092 
67.690909 
65.772574 
67.685762 
67.668827 
65.772574 
67.662910 
71.055037 
69.335039 
67.578306 
65.772574 
67.570389 
67.545335 
65.772574 
71.347401 
69.462884 
71.235309 
78.206404 
75.305232 
76.825570 
78.744933 
79.019207 
71.564737 
73.365671 
69.619614 
71.564737 
73.365671 
79.019207 
78.744933 
75.305232 
76.825570 
78.206404 
75.477523 
75.477523 
77.418513 
63.999812 
60.490110 
62.210109 
63.974759 
63.966841 
57.054431 
58.646489 
54.112708 
55.515900 
56.890167 
56.825644 
58.415093 
63.882238 
63.876320 
60.187055 
60.148299 
61.971896 
63.859385 
63.854238 
60.309839 
60.197746 
62.082263 
51.104910 
52.194373 
49.351686 
50.139333 
50.585155 
50.323643 
51.201370 
48.220460 
48.660154 
47.859249 
47.948022 
48.220460 
48.547648 
48.660154 
50.323643 
50.585155 
51.201370 
49.351686 
49.897991 
50.139333 
51.104910 
51.858385 
52.194373 
49.023241 
49.023241 
49.591022 
63.854238 
63.859385 
60.148299 
60.187055 
61.971896 
63.876320 
63.882238 
56.825644 
56.890167 
58.415093 
54.112708 
54.353495 
55.515900 
57.054431 
57.287432 
58.646489 
63.966841 
63.974759 
60.490110 
60.547449 
62.210109 
63.999812 
64.008265 
60.197746 
60.309839 
62.082263 
53.338743 
52.525940 
52.800214 
54.719577 
56.239916 
52.800214 
52.525940 
53.338743 
54.719577 
56.239916 
58.179476 
59.980411 
58.179476 
59.980411 
61.925533 
54.126634 
56.067624 
56.067624 
47.948022 
48.660154 
48.220460 
48.220460 
48.660154 
50.139333 
49.351686 
52.194373 
51.104910 
50.585155 
51.201370 
50.323643 
49.351686 
50.139333 
50.323643 
51.201370 
50.585155 
51.104910 
52.194373 
49.023241 
49.591022 
49.023241 
55.515900 
54.112708 
58.646489 
57.054431 
56.890167 
58.415093 
56.825644 
62.210109 
60.490110 
63.999812 
63.974759 
63.966841 
60.187055 
61.971896 
60.148299 
63.882238 
63.876320 
63.859385 
63.854238 
60.309839 
62.082263 
60.197746 
54.112708 
55.515900 
56.825644 
58.415093 
56.890167 
57.054431 
58.646489 
60.148299 
61.971896 
60.187055 
63.854238 
63.859385 
63.876320 
63.882238 
60.490110 
62.210109 
63.966841 
63.974759 
63.999812 
60.197746 
62.082263 
60.309839 
53.338743 
56.239916 
54.719577 
52.800214 
52.525940 
59.980411 
58.179476 
61.925533 
59.980411 
58.179476 
52.525940 
52.800214 
56.239916 
54.719577 
53.338743 
56.067624 
56.067624 
54.126634 
65.772574 
66.656854 
66.655792 
65.772574 
66.661081 
66.660034 
67.543262 
68.421106 
68.413722 
65.772574 
66.673605 
66.672609 
65.772574 
66.677563 
66.676584 
67.576542 
68.470580 
68.463664 
69.314056 
70.176751 
70.146217 
69.347096 
70.213032 
70.200425 
71.033022 
71.872263 
71.836591 
67.560124 
68.459177 
68.443567 
65.772574 
66.719834 
66.719084 
65.772574 
66.722786 
66.722060 
67.668177 
68.606541 
68.601373 
65.772574 
66.731234 
66.730579 
65.772574 
66.733799 
66.733170 
67.690672 
68.639804 
68.635309 
69.557299 
70.475807 
70.451589 
69.579631 
70.496750 
70.491809 
71.384616 
72.272863 
72.248753 
67.679724 
68.635834 
68.625282 
72.789719 
73.595466 
73.468565 
72.987384 
73.790783 
73.704348 
74.386548 
75.152369 
75.026423 
73.103246 
73.910053 
73.865505 
73.135992 
73.937755 
73.935172 
74.700027 
75.462939 
75.422083 
75.915984 
76.633854 
76.495161 
76.112294 
76.822317 
76.744210 
77.329228 
77.992631 
77.860635 
74.585958 
75.363307 
75.272083 
67.623384 
69.502882 
68.569503 
68.524543 
69.411939 
71.360761 
70.450881 
72.259809 
72.248014 
72.217053 
70.299468 
71.152892 
72.154944 
72.081885 
71.986166 
70.412104 
71.299648 
70.360230 
65.772574 
66.733170 
66.733799 
65.772574 
66.730579 
66.731234 
67.690672 
68.635309 
68.639804 
65.772574 
66.722060 
66.722786 
65.772574 
66.719084 
66.719834 
67.668177 
68.601373 
68.606541 
69.579631 
70.491809 
70.496750 
69.557299 
70.451589 
70.475807 
71.384616 
72.248753 
72.272863 
67.679724 
68.625282 
68.635834 
65.772574 
66.676584 
66.677563 
65.772574 
66.672609 
66.673605 
67.576542 
68.463664 
68.470580 
65.772574 
66.660034 
66.661081 
65.772574 
66.655792 
66.656854 
67.543262 
68.413722 
68.421106 
69.347096 
70.200425 
70.213032 
69.314056 
70.146217 
70.176751 
71.033022 
71.836591 
71.872263 
67.560124 
68.443567 
68.459177 
73.135992 
73.935172 
73.937755 
73.103246 
73.865505 
73.910053 
74.700027 
75.422083 
75.462939 
72.987384 
73.704348 
73.790783 
72.789719 
73.468565 
73.595466 
74.386548 
75.026423 
75.152369 
76.112294 
76.744210 
76.822317 
75.915984 
76.495161 
76.633854 
77.329228 
77.860635 
77.992631 
74.585958 
75.272083 
75.363307 
67.623384 
69.411939 
68.524543 
68.569503 
69.502882 
71.152892 
70.299468 
71.986166 
72.081885 
72.154944 
70.450881 
71.360761 
72.217053 
72.248014 
72.259809 
70.360230 
71.299648 
70.412104 
78.953857 
79.539236 
79.109694 
79.689547 
80.225772 
79.912733 
80.094360 
80.611490 
80.230309 
80.187115 
80.673225 
80.482886 
80.438045 
80.866916 
80.801778 
81.123829 
81.532271 
81.398844 
81.106084 
81.549073 
81.211689 
81.636903 
82.018940 
81.819182 
81.956055 
82.321404 
82.044381 
80.733174 
81.205859 
80.942350 
80.438045 
80.801778 
80.866916 
80.187115 
80.482886 
80.673225 
81.123829 
81.398844 
81.532271 
79.689547 
79.912733 
80.225772 
78.953857 
79.109694 
79.539236 
80.094360 
80.230309 
80.611490 
81.636903 
81.819182 
82.018940 
81.106084 
81.211689 
81.549073 
81.956055 
82.044381 
82.321404 
80.733174 
80.942350 
81.205859 
82.683363 
82.962991 
82.720367 
83.006351 
83.207619 
83.125954 
83.202185 
83.397778 
83.233136 
83.006351 
83.125954 
83.207619 
82.683363 
82.720367 
82.962991 
83.202185 
83.233136 
83.397778 
83.554470 
83.663272 
83.577751 
83.554470 
83.577751 
83.663272 
83.729079 
83.750892 
83.750892 
83.367014 
83.483318 
83.483318 
81.259070 
81.915130 
81.610529 
81.610529 
81.915130 
82.396947 
82.184464 
82.564410 
82.727775 
82.809658 
82.184464 
82.396947 
82.809658 
82.727775 
82.564410 
82.262759 
82.562654 
82.262759 
67.696380 
69.608801 
68.661542 
68.661542 
69.608801 
71.496315 
70.581515 
73.263423 
72.396544 
72.479788 
73.427240 
72.521616 
70.581515 
71.496315 
72.521616 
73.427240 
72.479788 
72.396544 
73.263423 
70.603334 
71.581272 
70.603334 
75.033736 
74.235808 
76.519664 
75.799730 
76.087831 
77.081208 
76.323585 
77.845667 
77.217812 
78.427592 
78.806924 
79.125097 
78.043076 
78.910638 
78.185561 
79.387791 
79.581806 
79.713660 
79.781887 
77.543176 
78.505079 
77.819545 
74.235808 
75.033736 
76.323585 
77.081208 
76.087831 
75.799730 
76.519664 
78.185561 
78.910638 
78.043076 
79.781887 
79.713660 
79.581806 
79.387791 
77.217812 
77.845667 
79.125097 
78.806924 
78.427592 
77.819545 
78.505079 
77.543176 
74.360415 
76.411910 
75.417654 
74.445224 
74.487598 
78.252861 
77.385190 
79.057827 
78.252861 
77.385190 
74.487598 
74.445224 
76.411910 
75.417654 
74.360415 
76.479187 
76.479187 
75.505859 
83.729079 
83.750892 
83.554470 
83.663272 
83.663272 
83.554470 
83.577751 
83.202185 
83.397778 
82.683363 
82.962991 
83.125954 
83.006351 
83.207619 
83.397778 
83.202185 
83.233136 
83.207619 
83.006351 
83.125954 
82.962991 
82.683363 
82.720367 
83.483318 
83.367014 
83.483318 
81.956055 
82.321404 
81.106084 
81.549073 
81.819182 
81.636903 
82.018940 
80.094360 
80.611490 
78.953857 
79.539236 
79.912733 
79.689547 
80.225772 
81.398844 
81.123829 
81.532271 
80.482886 
80.187115 
80.673225 
80.801778 
80.438045 
80.866916 
80.942350 
80.733174 
81.205859 
82.321404 
81.956055 
82.044381 
82.018940 
81.636903 
81.819182 
81.549073 
81.106084 
81.211689 
81.532271 
81.123829 
81.398844 
80.866916 
80.438045 
80.801778 
80.673225 
80.187115 
80.482886 
80.611490 
80.094360 
80.230309 
80.225772 
79.689547 
79.912733 
79.539236 
78.953857 
79.109694 
81.205859 
80.733174 
80.942350 
82.564410 
82.184464 
82.396947 
82.727775 
82.809658 
81.610529 
81.915130 
81.259070 
81.610529 
81.915130 
82.809658 
82.727775 
82.184464 
82.396947 
82.564410 
82.262759 
82.262759 
82.562654 
77.329228 
77.992631 
75.915984 
76.633854 
76.744210 
76.112294 
76.822317 
74.386548 
75.152369 
72.789719 
73.595466 
73.704348 
72.987384 
73.790783 
75.422083 
74.700027 
75.462939 
73.865505 
73.103246 
73.910053 
73.935172 
73.135992 
73.937755 
75.272083 
74.585958 
75.363307 
71.033022 
71.872263 
69.314056 
70.176751 
70.200425 
69.347096 
70.213032 
67.543262 
68.421106 
65.772574 
66.656854 
66.660034 
65.772574 
66.661081 
68.463664 
67.576542 
68.470580 
66.672609 
65.772574 
66.673605 
66.676584 
65.772574 
66.677563 
68.443567 
67.560124 
68.459177 
72.248753 
71.384616 
72.272863 
70.451589 
69.557299 
70.475807 
70.491809 
69.579631 
70.496750 
68.601373 
67.668177 
68.606541 
66.719084 
65.772574 
66.719834 
66.722060 
65.772574 
66.722786 
68.635309 
67.690672 
68.639804 
66.730579 
65.772574 
66.731234 
66.733170 
65.772574 
66.733799 
68.625282 
67.679724 
68.635834 
71.986166 
70.299468 
71.152892 
72.081885 
72.154944 
68.524543 
69.411939 
67.623384 
68.569503 
69.502882 
72.217053 
72.248014 
70.450881 
71.360761 
72.259809 
70.360230 
70.412104 
71.299648 
77.992631 
77.329228 
77.860635 
76.822317 
76.112294 
76.744210 
76.633854 
75.915984 
76.495161 
75.462939 
74.700027 
75.422083 
73.937755 
73.135992 
73.935172 
73.910053 
73.103246 
73.865505 
75.152369 
74.386548 
75.026423 
73.790783 
72.987384 
73.704348 
73.595466 
72.789719 
73.468565 
75.363307 
74.585958 
75.272083 
72.272863 
71.384616 
72.248753 
70.496750 
69.579631 
70.491809 
70.475807 
69.557299 
70.451589 
68.639804 
67.690672 
68.635309 
66.733799 
65.772574 
66.733170 
66.731234 
65.772574 
66.730579 
68.606541 
67.668177 
68.601373 
66.722786 
65.772574 
66.722060 
66.719834 
65.772574 
66.719084 
68.635834 
67.679724 
68.625282 
71.872263 
71.033022 
71.836591 
70.213032 
69.347096 
70.200425 
70.176751 
69.314056 
70.146217 
68.470580 
67.576542 
68.463664 
66.677563 
65.772574 
66.676584 
66.673605 
65.772574 
66.672609 
68.421106 
67.543262 
68.413722 
66.661081 
65.772574 
66.660034 
66.656854 
65.772574 
66.655792 
68.459177 
67.560124 
68.443567 
72.259809 
70.450881 
71.360761 
72.248014 
72.217053 
68.569503 
69.502882 
67.623384 
68.524543 
69.411939 
72.154944 
72.081885 
70.299468 
71.152892 
71.986166 
70.412104 
70.360230 
71.299648 
78.427592 
77.217812 
77.845667 
78.806924 
79.125097 
75.799730 
76.519664 
74.235808 
75.033736 
76.087831 
76.323585 
77.081208 
79.387791 
79.581806 
78.043076 
78.185561 
78.910638 
79.713660 
79.781887 
77.543176 
77.819545 
78.505079 
72.396544 
73.263423 
70.581515 
71.496315 
72.479788 
72.521616 
73.427240 
68.661542 
69.608801 
67.696380 
68.661542 
69.608801 
72.521616 
72.479788 
73.427240 
70.581515 
71.496315 
72.396544 
73.263423 
70.603334 
70.603334 
71.581272 
79.781887 
79.713660 
78.185561 
78.043076 
78.910638 
79.581806 
79.387791 
76.323585 
76.087831 
77.081208 
74.235808 
75.033736 
75.799730 
76.519664 
79.125097 
78.806924 
77.217812 
77.845667 
78.427592 
77.819545 
77.543176 
78.505079 
74.360415 
74.487598 
74.445224 
75.417654 
76.411910 
74.445224 
74.487598 
74.360415 
75.417654 
76.411910 
77.385190 
78.252861 
77.385190 
78.252861 
79.057827 
75.505859 
76.479187 
76.479187 
64.888293 
64.889355 
64.884066 
64.885113 
64.001885 
63.124042 
63.131425 
64.871542 
64.872539 
64.867585 
64.868564 
63.968605 
63.074567 
63.081483 
62.231092 
61.368396 
61.398930 
62.198051 
61.332115 
61.344722 
60.512126 
59.672884 
59.708556 
63.985023 
63.085971 
63.101580 
64.825313 
64.826063 
64.822361 
64.823088 
63.876970 
62.938606 
62.943774 
64.813914 
64.814568 
64.811348 
64.811978 
63.854475 
62.905343 
62.909839 
61.987849 
61.069340 
61.093559 
61.965516 
61.048398 
61.053339 
60.160531 
59.272284 
59.296395 
63.865423 
62.909313 
62.919865 
58.755428 
57.949682 
58.076582 
58.557763 
57.754364 
57.840799 
57.158599 
56.392778 
56.518724 
58.441901 
57.635095 
57.679642 
58.409156 
57.607392 
57.609976 
56.845120 
56.082209 
56.123065 
55.629163 
54.911293 
55.049986 
55.432853 
54.722830 
54.800937 
54.215919 
53.552516 
53.684512 
56.959189 
56.181840 
56.273064 
63.921764 
62.042266 
62.975645 
63.020604 
62.133208 
60.184386 
61.094267 
59.285338 
59.297133 
59.328095 
61.245680 
60.392255 
59.390204 
59.463263 
59.558981 
61.133043 
60.245499 
61.184917 
64.811978 
64.811348 
64.814568 
64.813914 
63.854475 
62.909839 
62.905343 
64.823088 
64.822361 
64.826063 
64.825313 
63.876970 
62.943774 
62.938606 
61.965516 
61.053339 
61.048398 
61.987849 
61.093559 
61.069340 
60.160531 
59.296395 
59.272284 
63.865423 
62.919865 
62.909313 
64.868564 
64.867585 
64.872539 
64.871542 
63.968605 
63.081483 
63.074567 
64.885113 
64.884066 
64.889355 
64.888293 
64.001885 
63.131425 
63.124042 
62.198051 
61.344722 
61.332115 
62.231092 
61.398930 
61.368396 
60.512126 
59.708556 
59.672884 
63.985023 
63.101580 
63.085971 
58.409156 
57.609976 
57.607392 
58.441901 
57.679642 
57.635095 
56.845120 
56.123065 
56.082209 
58.557763 
57.840799 
57.754364 
58.755428 
58.076582 
57.949682 
57.158599 
56.518724 
56.392778 
55.432853 
54.800937 
54.722830 
55.629163 
55.049986 
54.911293 
54.215919 
53.684512 
53.552516 
56.959189 
56.273064 
56.181840 
63.921764 
62.133208 
63.020604 
62.975645 
62.042266 
60.392255 
61.245680 
59.558981 
59.463263 
59.390204 
61.094267 
60.184386 
59.328095 
59.297133 
59.285338 
61.184917 
60.245499 
61.133043 
52.591290 
52.005911 
52.435453 
51.855600 
51.319376 
51.632415 
51.450787 
50.933657 
51.314838 
51.358033 
50.871923 
51.062261 
51.107102 
50.678231 
50.743370 
50.421319 
50.012876 
50.146304 
50.439064 
49.996075 
50.333459 
49.908245 
49.526208 
49.725965 
49.589093 
49.223743 
49.500766 
50.811973 
50.339288 
50.602798 
51.107102 
50.743370 
50.678231 
51.358033 
51.062261 
50.871923 
50.421319 
50.146304 
50.012876 
51.855600 
51.632415 
51.319376 
52.591290 
52.435453 
52.005911 
51.450787 
51.314838 
50.933657 
49.908245 
49.725965 
49.526208 
50.439064 
50.333459 
49.996075 
49.589093 
49.500766 
49.223743 
50.811973 
50.602798 
50.339288 
48.861785 
48.582156 
48.824780 
48.538796 
48.337528 
48.419193 
48.342962 
48.147369 
48.312011 
48.538796 
48.419193 
48.337528 
48.861785 
48.824780 
48.582156 
48.342962 
48.312011 
48.147369 
47.990677 
47.881876 
47.967396 
47.990677 
47.967396 
47.881876 
47.816068 
47.794255 
47.794255 
48.178133 
48.061830 
48.061830 
50.286078 
49.630017 
49.934618 
49.934618 
49.630017 
49.148201 
49.360683 
48.980737 
48.817373 
48.735489 
49.360683 
49.148201 
48.735489 
48.817373 
48.980737 
49.282389 
48.982493 
49.282389 
63.848768 
61.936347 
62.883605 
62.883605 
61.936347 
60.048832 
60.963633 
58.281725 
59.148604 
59.065359 
58.117908 
59.023532 
60.963633 
60.048832 
59.023532 
58.117908 
59.065359 
59.148604 
58.281725 
60.941814 
59.963876 
60.941814 
56.511411 
57.309340 
55.025484 
55.745417 
55.457316 
54.463940 
55.221562 
53.699481 
54.327335 
53.117555 
52.738223 
52.420050 
53.502071 
52.634509 
53.359587 
52.157356 
51.963341 
51.831487 
51.763261 
54.001972 
53.040069 
53.725603 
57.309340 
56.511411 
55.221562 
54.463940 
55.457316 
55.745417 
55.025484 
53.359587 
52.634509 
53.502071 
51.763261 
51.831487 
51.963341 
52.157356 
54.327335 
53.699481 
52.420050 
52.738223 
53.117555 
53.725603 
53.040069 
54.001972 
57.184732 
55.133237 
56.127494 
57.099923 
57.057549 
53.292287 
54.159957 
52.487321 
53.292287 
54.159957 
57.057549 
57.099923 
55.133237 
56.127494 
57.184732 
55.065960 
55.065960 
56.039288 
47.816068 
47.794255 
47.990677 
47.881876 
47.881876 
47.990677 
47.967396 
48.342962 
48.147369 
48.861785 
48.582156 
48.419193 
48.538796 
48.337528 
48.147369 
48.342962 
48.312011 
48.337528 
48.538796 
48.419193 
48.582156 
48.861785 
48.824780 
48.061830 
48.178133 
48.061830 
49.589093 
49.223743 
50.439064 
49.996075 
49.725965 
49.908245 
49.526208 
51.450787 
50.933657 
52.591290 
52.005911 
51.632415 
51.855600 
51.319376 
50.146304 
50.421319 
50.012876 
51.062261 
51.358033 
50.871923 
50.743370 
51.107102 
50.678231 
50.602798 
50.811973 
50.339288 
49.223743 
49.589093 
49.500766 
49.526208 
49.908245 
49.725965 
49.996075 
50.439064 
50.333459 
50.012876 
50.421319 
50.146304 
50.678231 
51.107102 
50.743370 
50.871923 
51.358033 
51.062261 
50.933657 
51.450787 
51.314838 
51.319376 
51.855600 
51.632415 
52.005911 
52.591290 
52.435453 
50.339288 
50.811973 
50.602798 
48.980737 
49.360683 
49.148201 
48.817373 
48.735489 
49.934618 
49.630017 
50.286078 
49.934618 
49.630017 
48.735489 
48.817373 
49.360683 
49.148201 
48.980737 
49.282389 
49.282389 
48.982493 
54.215919 
53.552516 
55.629163 
54.911293 
54.800937 
55.432853 
54.722830 
57.158599 
56.392778 
58.755428 
57.949682 
57.840799 
58.557763 
57.754364 
56.123065 
56.845120 
56.082209 
57.679642 
58.441901 
57.635095 
57.609976 
58.409156 
57.607392 
56.273064 
56.959189 
56.181840 
60.512126 
59.672884 
62.231092 
61.368396 
61.344722 
62.198051 
61.332115 
64.001885 
63.124042 
64.888293 
64.885113 
64.884066 
63.081483 
63.968605 
63.074567 
64.872539 
64.871542 
64.868564 
64.867585 
63.101580 
63.985023 
63.085971 
59.296395 
60.160531 
59.272284 
61.093559 
61.987849 
61.069340 
61.053339 
61.965516 
61.048398 
62.943774 
63.876970 
62.938606 
64.826063 
64.825313 
64.823088 
64.822361 
62.909839 
63.854475 
62.905343 
64.814568 
64.813914 
64.811978 
64.811348 
62.919865 
63.865423 
62.909313 
59.558981 
61.245680 
60.392255 
59.463263 
59.390204 
63.020604 
62.133208 
63.921764 
62.975645 
62.042266 
59.328095 
59.297133 
61.094267 
60.184386 
59.285338 
61.184917 
61.133043 
60.245499 
53.552516 
54.215919 
53.684512 
54.722830 
55.432853 
54.800937 
54.911293 
55.629163 
55.049986 
56.082209 
56.845120 
56.123065 
57.607392 
58.409156 
57.609976 
57.635095 
58.441901 
57.679642 
56.392778 
57.158599 
56.518724 
57.754364 
58.557763 
57.840799 
57.949682 
58.755428 
58.076582 
56.181840 
56.959189 
56.273064 
59.272284 
60.160531 
59.296395 
61.048398 
61.965516 
61.053339 
61.069340 
61.987849 
61.093559 
62.905343 
63.854475 
62.909839 
64.811348 
64.811978 
64.813914 
64.814568 
62.938606 
63.876970 
62.943774 
64.822361 
64.823088 
64.825313 
64.826063 
62.909313 
63.865423 
62.919865 
59.672884 
60.512126 
59.708556 
61.332115 
62.198051 
61.344722 
61.368396 
62.231092 
61.398930 
63.074567 
63.968605 
63.081483 
64.867585 
64.868564 
64.871542 
64.872539 
63.124042 
64.001885 
63.131425 
64.884066 
64.885113 
64.888293 
64.889355 
63.085971 
63.985023 
63.101580 
59.285338 
61.094267 
60.184386 
59.297133 
59.328095 
62.975645 
62.042266 
63.921764 
63.020604 
62.133208 
59.390204 
59.463263 
61.245680 
60.392255 
59.558981 
61.133043 
61.184917 
60.245499 
53.117555 
54.327335 
53.699481 
52.738223 
52.420050 
55.745417 
55.025484 
57.309340 
56.511411 
55.457316 
55.221562 
54.463940 
52.157356 
51.963341 
53.502071 
53.359587 
52.634509 
51.831487 
51.763261 
54.001972 
53.725603 
53.040069 
59.148604 
58.281725 
60.963633 
60.048832 
59.065359 
59.023532 
58.117908 
62.883605 
61.936347 
63.848768 
62.883605 
61.936347 
59.023532 
59.065359 
58.117908 
60.963633 
60.048832 
59.148604 
58.281725 
60.941814 
60.941814 
59.963876 
51.763261 
51.831487 
53.359587 
53.502071 
52.634509 
51.963341 
52.157356 
55.221562 
55.457316 
54.463940 
57.309340 
56.511411 
55.745417 
55.025484 
52.420050 
52.738223 
54.327335 
53.699481 
53.117555 
53.725603 
54.001972 
53.040069 
57.184732 
57.057549 
57.099923 
56.127494 
55.133237 
57.099923 
57.057549 
57.184732 
56.127494 
55.133237 
54.159957 
53.292287 
54.159957 
53.292287 
52.487321 
56.039288 
55.065960 
55.065960 
66.656854 
65.772574 
68.421106 
67.543262 
66.660034 
66.661081 
65.772574 
70.176751 
69.314056 
71.872263 
71.033022 
70.200425 
70.213032 
69.347096 
66.672609 
66.673605 
65.772574 
68.463664 
68.470580 
67.576542 
66.676584 
66.677563 
65.772574 
68.443567 
68.459177 
67.560124 
73.595466 
72.789719 
75.152369 
74.386548 
73.704348 
73.790783 
72.987384 
76.633854 
75.915984 
77.992631 
77.329228 
76.744210 
76.822317 
76.112294 
73.865505 
73.910053 
73.103246 
75.422083 
75.462939 
74.700027 
73.935172 
73.937755 
73.135992 
75.272083 
75.363307 
74.585958 
66.719084 
66.719834 
65.772574 
68.601373 
68.606541 
67.668177 
66.722060 
66.722786 
65.772574 
70.451589 
70.475807 
69.557299 
72.248753 
72.272863 
71.384616 
70.491809 
70.496750 
69.579631 
66.730579 
66.731234 
65.772574 
68.635309 
68.639804 
67.690672 
66.733170 
66.733799 
65.772574 
68.625282 
68.635834 
67.679724 
71.986166 
72.154944 
72.081885 
71.152892 
70.299468 
72.248014 
72.217053 
72.259809 
71.360761 
70.450881 
69.411939 
68.524543 
69.502882 
68.569503 
67.623384 
71.299648 
70.412104 
70.360230 
79.539236 
78.953857 
80.611490 
80.094360 
79.912733 
80.225772 
79.689547 
81.549073 
81.106084 
82.321404 
81.956055 
81.819182 
82.018940 
81.636903 
80.482886 
80.673225 
80.187115 
81.398844 
81.532271 
81.123829 
80.801778 
80.866916 
80.438045 
80.942350 
81.205859 
80.733174 
82.962991 
82.683363 
83.397778 
83.202185 
83.125954 
83.207619 
83.006351 
83.663272 
83.554470 
83.750892 
83.729079 
83.663272 
83.577751 
83.554470 
83.207619 
83.125954 
83.006351 
83.397778 
83.233136 
83.202185 
82.962991 
82.720367 
82.683363 
83.483318 
83.483318 
83.367014 
80.866916 
80.801778 
80.438045 
81.532271 
81.398844 
81.123829 
80.673225 
80.482886 
80.187115 
82.018940 
81.819182 
81.636903 
82.321404 
82.044381 
81.956055 
81.549073 
81.211689 
81.106084 
80.225772 
79.912733 
79.689547 
80.611490 
80.230309 
80.094360 
79.539236 
79.109694 
78.953857 
81.205859 
80.942350 
80.733174 
82.564410 
82.809658 
82.727775 
82.396947 
82.184464 
82.727775 
82.809658 
82.564410 
82.396947 
82.184464 
81.915130 
81.610529 
81.915130 
81.610529 
81.259070 
82.562654 
82.262759 
82.262759 
66.733799 
66.733170 
65.772574 
68.639804 
68.635309 
67.690672 
66.731234 
66.730579 
65.772574 
70.496750 
70.491809 
69.579631 
72.272863 
72.248753 
71.384616 
70.475807 
70.451589 
69.557299 
66.722786 
66.722060 
65.772574 
68.606541 
68.601373 
67.668177 
66.719834 
66.719084 
65.772574 
68.635834 
68.625282 
67.679724 
73.937755 
73.935172 
73.135992 
75.462939 
75.422083 
74.700027 
73.910053 
73.865505 
73.103246 
76.822317 
76.744210 
76.112294 
77.992631 
77.860635 
77.329228 
76.633854 
76.495161 
75.915984 
73.790783 
73.704348 
72.987384 
75.152369 
75.026423 
74.386548 
73.595466 
73.468565 
72.789719 
75.363307 
75.272083 
74.585958 
66.677563 
66.676584 
65.772574 
68.470580 
68.463664 
67.576542 
66.673605 
66.672609 
65.772574 
70.213032 
70.200425 
69.347096 
71.872263 
71.836591 
71.033022 
70.176751 
70.146217 
69.314056 
66.661081 
66.660034 
65.772574 
68.421106 
68.413722 
67.543262 
66.656854 
66.655792 
65.772574 
68.459177 
68.443567 
67.560124 
72.259809 
72.217053 
72.248014 
71.360761 
70.450881 
72.081885 
72.154944 
71.986166 
71.152892 
70.299468 
69.502882 
68.569503 
69.411939 
68.524543 
67.623384 
71.299648 
70.360230 
70.412104 
78.427592 
79.125097 
78.806924 
77.845667 
77.217812 
79.581806 
79.387791 
79.781887 
79.713660 
78.910638 
78.185561 
78.043076 
76.519664 
75.799730 
77.081208 
76.323585 
76.087831 
75.033736 
74.235808 
78.505079 
77.819545 
77.543176 
79.713660 
79.781887 
79.387791 
79.581806 
78.910638 
78.043076 
78.185561 
78.806924 
79.125097 
78.427592 
77.845667 
77.217812 
77.081208 
76.087831 
76.323585 
76.519664 
75.799730 
75.033736 
74.235808 
78.505079 
77.543176 
77.819545 
73.263423 
72.396544 
73.427240 
72.521616 
72.479788 
71.496315 
70.581515 
73.427240 
72.479788 
72.521616 
73.263423 
72.396544 
71.496315 
70.581515 
69.608801 
68.661542 
69.608801 
68.661542 
67.696380 
71.581272 
70.603334 
70.603334 
79.057827 
77.385190 
78.252861 
78.252861 
77.385190 
75.417654 
76.411910 
74.360415 
74.445224 
74.487598 
76.411910 
75.417654 
74.487598 
74.445224 
74.360415 
76.479187 
75.505859 
76.479187 
83.729079 
83.554470 
83.663272 
83.663272 
83.554470 
83.202185 
83.397778 
82.683363 
82.962991 
83.125954 
83.006351 
83.207619 
83.397778 
83.202185 
83.207619 
83.006351 
83.125954 
82.962991 
82.683363 
83.483318 
83.367014 
83.483318 
81.956055 
82.321404 
81.106084 
81.549073 
81.819182 
81.636903 
82.018940 
80.094360 
80.611490 
78.953857 
79.539236 
79.912733 
79.689547 
80.225772 
81.398844 
81.123829 
81.532271 
80.482886 
80.187115 
80.673225 
80.801778 
80.438045 
80.866916 
80.942350 
80.733174 
81.205859 
82.321404 
81.956055 
82.018940 
81.636903 
81.819182 
81.549073 
81.106084 
81.532271 
81.123829 
81.398844 
80.866916 
80.438045 
80.801778 
80.673225 
80.187115 
80.482886 
80.611490 
80.094360 
80.225772 
79.689547 
79.912733 
79.539236 
78.953857 
81.205859 
80.733174 
80.942350 
82.564410 
82.184464 
82.396947 
82.727775 
82.809658 
81.610529 
81.915130 
81.259070 
81.610529 
81.915130 
82.809658 
82.727775 
82.184464 
82.396947 
82.564410 
82.262759 
82.262759 
82.562654 
77.329228 
77.992631 
75.915984 
76.633854 
76.744210 
76.112294 
76.822317 
74.386548 
75.152369 
72.789719 
73.595466 
73.704348 
72.987384 
73.790783 
75.422083 
74.700027 
75.462939 
73.865505 
73.103246 
73.910053 
73.935172 
73.135992 
73.937755 
75.272083 
74.585958 
75.363307 
71.033022 
71.872263 
69.314056 
70.176751 
70.200425 
69.347096 
70.213032 
67.543262 
68.421106 
65.772574 
66.656854 
66.660034 
65.772574 
66.661081 
68.463664 
67.576542 
68.470580 
66.672609 
65.772574 
66.673605 
66.676584 
65.772574 
66.677563 
68.443567 
67.560124 
68.459177 
72.248753 
71.384616 
72.272863 
70.451589 
69.557299 
70.475807 
70.491809 
69.579631 
70.496750 
68.601373 
67.668177 
68.606541 
66.719084 
65.772574 
66.719834 
66.722060 
65.772574 
66.722786 
68.635309 
67.690672 
68.639804 
66.730579 
65.772574 
66.731234 
66.733170 
65.772574 
66.733799 
68.625282 
67.679724 
68.635834 
71.986166 
70.299468 
71.152892 
72.081885 
72.154944 
68.524543 
69.411939 
67.623384 
68.569503 
69.502882 
72.217053 
72.248014 
70.450881 
71.360761 
72.259809 
70.360230 
70.412104 
71.299648 
77.992631 
77.329228 
76.822317 
76.112294 
76.744210 
76.633854 
75.915984 
75.462939 
74.700027 
75.422083 
73.937755 
73.135992 
73.935172 
73.910053 
73.103246 
73.865505 
75.152369 
74.386548 
73.790783 
72.987384 
73.704348 
73.595466 
72.789719 
75.363307 
74.585958 
75.272083 
72.272863 
71.384616 
72.248753 
70.496750 
69.579631 
70.491809 
70.475807 
69.557299 
70.451589 
68.639804 
67.690672 
68.635309 
66.733799 
65.772574 
66.733170 
66.731234 
65.772574 
66.730579 
68.606541 
67.668177 
68.601373 
66.722786 
65.772574 
66.722060 
66.719834 
65.772574 
66.719084 
68.635834 
67.679724 
68.625282 
71.872263 
71.033022 
70.213032 
69.347096 
70.200425 
70.176751 
69.314056 
68.470580 
67.576542 
68.463664 
66.677563 
65.772574 
66.676584 
66.673605 
65.772574 
66.672609 
68.421106 
67.543262 
66.661081 
65.772574 
66.660034 
66.656854 
65.772574 
68.459177 
67.560124 
68.443567 
72.259809 
70.450881 
71.360761 
72.248014 
72.217053 
68.569503 
69.502882 
67.623384 
68.524543 
69.411939 
72.154944 
72.081885 
70.299468 
71.152892 
71.986166 
70.412104 
70.360230 
71.299648 
78.427592 
77.217812 
77.845667 
78.806924 
79.125097 
75.799730 
76.519664 
74.235808 
75.033736 
76.087831 
76.323585 
77.081208 
79.387791 
79.581806 
78.043076 
78.185561 
78.910638 
79.713660 
79.781887 
77.543176 
77.819545 
78.505079 
72.396544 
73.263423 
70.581515 
71.496315 
72.479788 
72.521616 
73.427240 
68.661542 
69.608801 
67.696380 
68.661542 
69.608801 
72.521616 
72.479788 
73.427240 
70.581515 
71.496315 
72.396544 
73.263423 
70.603334 
70.603334 
71.581272 
79.781887 
79.713660 
78.185561 
78.043076 
78.910638 
79.581806 
79.387791 
76.323585 
76.087831 
77.081208 
74.235808 
75.033736 
75.799730 
76.519664 
79.125097 
78.806924 
77.217812 
77.845667 
78.427592 
77.819545 
77.543176 
78.505079 
74.360415 
74.487598 
74.445224 
75.417654 
76.411910 
74.445224 
74.487598 
74.360415 
75.417654 
76.411910 
77.385190 
78.252861 
77.385190 
78.252861 
79.057827 
75.505859 
76.479187 
76.479187 
64.888293 
63.124042 
64.001885 
64.885113 
64.884066 
61.368396 
62.231092 
59.672884 
60.512126 
61.344722 
61.332115 
62.198051 
64.872539 
64.871542 
63.081483 
63.074567 
63.968605 
64.868564 
64.867585 
63.101580 
63.085971 
63.985023 
57.949682 
58.755428 
56.392778 
57.158599 
57.840799 
57.754364 
58.557763 
54.911293 
55.629163 
53.552516 
54.215919 
54.800937 
54.722830 
55.432853 
57.679642 
57.635095 
58.441901 
56.123065 
56.082209 
56.845120 
57.609976 
57.607392 
58.409156 
56.273064 
56.181840 
56.959189 
64.826063 
64.825313 
62.943774 
62.938606 
63.876970 
64.823088 
64.822361 
61.093559 
61.069340 
61.987849 
59.296395 
59.272284 
60.160531 
61.053339 
61.048398 
61.965516 
64.814568 
64.813914 
62.909839 
62.905343 
63.854475 
64.811978 
64.811348 
62.919865 
62.909313 
63.865423 
59.558981 
59.390204 
59.463263 
60.392255 
61.245680 
59.297133 
59.328095 
59.285338 
60.184386 
61.094267 
62.133208 
63.020604 
62.042266 
62.975645 
63.921764 
60.245499 
61.133043 
61.184917 
52.005911 
52.591290 
50.933657 
51.450787 
51.632415 
51.319376 
51.855600 
49.996075 
50.439064 
49.223743 
49.589093 
49.725965 
49.526208 
49.908245 
51.062261 
50.871923 
51.358033 
50.146304 
50.012876 
50.421319 
50.743370 
50.678231 
51.107102 
50.602798 
50.339288 
50.811973 
48.582156 
48.861785 
48.147369 
48.342962 
48.419193 
48.337528 
48.538796 
47.881876 
47.990677 
47.794255 
47.816068 
47.881876 
47.967396 
47.990677 
48.337528 
48.419193 
48.538796 
48.147369 
48.312011 
48.342962 
48.582156 
48.824780 
48.861785 
48.061830 
48.061830 
48.178133 
50.678231 
50.743370 
51.107102 
50.012876 
50.146304 
50.421319 
50.871923 
51.062261 
51.358033 
49.526208 
49.725965 
49.908245 
49.223743 
49.500766 
49.589093 
49.996075 
50.333459 
50.439064 
51.319376 
51.632415 
51.855600 
50.933657 
51.314838 
51.450787 
52.005911 
52.435453 
52.591290 
50.339288 
50.602798 
50.811973 
48.980737 
48.735489 
48.817373 
49.148201 
49.360683 
48.817373 
48.735489 
48.980737 
49.148201 
49.360683 
49.630017 
49.934618 
49.630017 
49.934618 
50.286078 
48.982493 
49.282389 
49.282389 
64.811348 
64.811978 
62.905343 
62.909839 
63.854475 
64.813914 
64.814568 
61.048398 
61.053339 
61.965516 
59.272284 
59.296395 
60.160531 
61.069340 
61.093559 
61.987849 
64.822361 
64.823088 
62.938606 
62.943774 
63.876970 
64.825313 
64.826063 
62.909313 
62.919865 
63.865423 
57.607392 
57.609976 
58.409156 
56.082209 
56.123065 
56.845120 
57.635095 
57.679642 
58.441901 
54.722830 
54.800937 
55.432853 
53.552516 
53.684512 
54.215919 
54.911293 
55.049986 
55.629163 
57.754364 
57.840799 
58.557763 
56.392778 
56.518724 
57.158599 
57.949682 
58.076582 
58.755428 
56.181840 
56.273064 
56.959189 
64.867585 
64.868564 
63.074567 
63.081483 
63.968605 
64.871542 
64.872539 
61.332115 
61.344722 
62.198051 
59.672884 
59.708556 
60.512126 
61.368396 
61.398930 
62.231092 
64.884066 
64.885113 
63.124042 
63.131425 
64.001885 
64.888293 
64.889355 
63.085971 
63.101580 
63.985023 
59.285338 
59.328095 
59.297133 
60.184386 
61.094267 
59.463263 
59.390204 
59.558981 
60.392255 
61.245680 
62.042266 
62.975645 
62.133208 
63.020604 
63.921764 
60.245499 
61.184917 
61.133043 
53.117555 
52.420050 
52.738223 
53.699481 
54.327335 
51.963341 
52.157356 
51.763261 
51.831487 
52.634509 
53.359587 
53.502071 
55.025484 
55.745417 
54.463940 
55.221562 
55.457316 
56.511411 
57.309340 
53.040069 
53.725603 
54.001972 
51.831487 
51.763261 
52.157356 
51.963341 
52.634509 
53.502071 
53.359587 
52.738223 
52.420050 
53.117555 
53.699481 
54.327335 
54.463940 
55.457316 
55.221562 
55.025484 
55.745417 
56.511411 
57.309340 
53.040069 
54.001972 
53.725603 
58.281725 
59.148604 
58.117908 
59.023532 
59.065359 
60.048832 
60.963633 
58.117908 
59.065359 
59.023532 
58.281725 
59.148604 
60.048832 
60.963633 
61.936347 
62.883605 
61.936347 
62.883605 
63.848768 
59.963876 
60.941814 
60.941814 
52.487321 
54.159957 
53.292287 
53.292287 
54.159957 
56.127494 
55.133237 
57.184732 
57.099923 
57.057549 
55.133237 
56.127494 
57.057549 
57.099923 
57.184732 
55.065960 
56.039288 
55.065960 
47.816068 
47.990677 
47.881876 
47.881876 
47.990677 
48.342962 
48.147369 
48.861785 
48.582156 
48.419193 
48.538796 
48.337528 
48.147369 
48.342962 
48.337528 
48.538796 
48.419193 
48.582156 
48.861785 
48.061830 
48.178133 
48.061830 
49.589093 
49.223743 
50.439064 
49.996075 
49.725965 
49.908245 
49.526208 
51.450787 
50.933657 
52.591290 
52.005911 
51.632415 
51.855600 
51.319376 
50.146304 
50.421319 
50.012876 
51.062261 
51.358033 
50.871923 
50.743370 
51.107102 
50.678231 
50.602798 
50.811973 
50.339288 
49.223743 
49.589093 
49.526208 
49.908245 
49.725965 
49.996075 
50.439064 
50.012876 
50.421319 
50.146304 
50.678231 
51.107102 
50.743370 
50.871923 
51.358033 
51.062261 
50.933657 
51.450787 
51.319376 
51.855600 
51.632415 
52.005911 
52.591290 
50.339288 
50.811973 
50.602798 
48.980737 
49.360683 
49.148201 
48.817373 
48.735489 
49.934618 
49.630017 
50.286078 
49.934618 
49.630017 
48.735489 
48.817373 
49.360683 
49.148201 
48.980737 
49.282389 
49.282389 
48.982493 
54.215919 
53.552516 
55.629163 
54.911293 
54.800937 
55.432853 
54.722830 
57.158599 
56.392778 
58.755428 
57.949682 
57.840799 
58.557763 
57.754364 
56.123065 
56.845120 
56.082209 
57.679642 
58.441901 
57.635095 
57.609976 
58.409156 
57.607392 
56.273064 
56.959189 
56.181840 
60.512126 
59.672884 
62.231092 
61.368396 
61.344722 
62.198051 
61.332115 
64.001885 
63.124042 
64.888293 
64.885113 
64.884066 
63.081483 
63.968605 
63.074567 
64.872539 
64.871542 
64.868564 
64.867585 
63.101580 
63.985023 
63.085971 
59.296395 
60.160531 
59.272284 
61.093559 
61.987849 
61.069340 
61.053339 
61.965516 
61.048398 
62.943774 
63.876970 
62.938606 
64.826063 
64.825313 
64.823088 
64.822361 
62.909839 
63.854475 
62.905343 
64.814568 
64.813914 
64.811978 
64.811348 
62.919865 
63.865423 
62.909313 
59.558981 
61.245680 
60.392255 
59.463263 
59.390204 
63.020604 
62.133208 
63.921764 
62.975645 
62.042266 
59.328095 
59.297133 
61.094267 
60.184386 
59.285338 
61.184917 
61.133043 
60.245499 
53.552516 
54.215919 
54.722830 
55.432853 
54.800937 
54.911293 
55.629163 
56.082209 
56.845120 
56.123065 
57.607392 
58.409156 
57.609976 
57.635095 
58.441901 
57.679642 
56.392778 
57.158599 
57.754364 
58.557763 
57.840799 
57.949682 
58.755428 
56.181840 
56.959189 
56.273064 
59.272284 
60.160531 
59.296395 
61.048398 
61.965516 
61.053339 
61.069340 
61.987849 
61.093559 
62.905343 
63.854475 
62.909839 
64.811348 
64.811978 
64.813914 
64.814568 
62.938606 
63.876970 
62.943774 
64.822361 
64.823088 
64.825313 
64.826063 
62.909313 
63.865423 
62.919865 
59.672884 
60.512126 
61.332115 
62.198051 
61.344722 
61.368396 
62.231092 
63.074567 
63.968605 
63.081483 
64.867585 
64.868564 
64.871542 
64.872539 
63.124042 
64.001885 
64.884066 
64.885113 
64.888293 
63.085971 
63.985023 
63.101580 
59.285338 
61.094267 
60.184386 
59.297133 
59.328095 
62.975645 
62.042266 
63.921764 
63.020604 
62.133208 
59.390204 
59.463263 
61.245680 
60.392255 
59.558981 
61.133043 
61.184917 
60.245499 
53.117555 
54.327335 
53.699481 
52.738223 
52.420050 
55.745417 
55.025484 
57.309340 
56.511411 
55.457316 
55.221562 
54.463940 
52.157356 
51.963341 
53.502071 
53.359587 
52.634509 
51.831487 
51.763261 
54.001972 
53.725603 
53.040069 
59.148604 
58.281725 
60.963633 
60.048832 
59.065359 
59.023532 
58.117908 
62.883605 
61.936347 
63.848768 
62.883605 
61.936347 
59.023532 
59.065359 
58.117908 
60.963633 
60.048832 
59.148604 
58.281725 
60.941814 
60.941814 
59.963876 
51.763261 
51.831487 
53.359587 
53.502071 
52.634509 
51.963341 
52.157356 
55.221562 
55.457316 
54.463940 
57.309340 
56.511411 
55.745417 
55.025484 
52.420050 
52.738223 
54.327335 
53.699481 
53.117555 
53.725603 
54.001972 
53.040069 
57.184732 
57.057549 
57.099923 
56.127494 
55.133237 
57.099923 
57.057549 
57.184732 
56.127494 
55.133237 
54.159957 
53.292287 
54.159957 
53.292287 
52.487321 
56.039288 
55.065960 
55.065960 
