64.176815 
63.566078 
85.817142 
57.980983 
60.912285 
69.219687 
61.932352 
78.075013 
90.988725 
62.614349 
91.858811 
58.969473 
41.658573 
43.102379 
80.251150 
69.284028 
64.547034 
60.178499 
62.590817 
76.526872 
80.615586 
61.242051 
66.515155 
68.066968 
86.499612 
84.476954 
91.939421 
87.566588 
92.018132 
61.379157 
69.909198 
78.612823 
63.524985 
81.977527 
52.607361 
45.850569 
59.596393 
59.372103 
50.525464 
58.325001 
43.150796 
49.426875 
43.545839 
59.374166 
52.235680 
49.819419 
81.770068 
67.580875 
83.554306 
90.420366 
77.822417 
75.636207 
69.888184 
90.423498 
63.257752 
82.014918 
77.199872 
66.560314 
44.077494 
58.763744 
40.366158 
54.510969 
62.901577 
42.662619 
49.723603 
61.857141 
63.170270 
70.243013 
72.542910 
62.232310 
66.066123 
68.027473 
79.171323 
85.933468 
87.636929 
61.599781 
63.037486 
63.933304 
60.974006 
62.650221 
62.562575 
67.000971 
72.545276 
73.776876 
90.333351 
90.344095 
92.097795 
81.601926 
82.004889 
85.418838 
88.182054 
85.677350 
89.548635 
72.760240 
78.500119 
83.477519 
87.784120 
88.469408 
82.141947 
85.630798 
90.844333 
91.347134 
92.624243 
67.933164 
74.514317 
61.040518 
62.993264 
63.821983 
61.954665 
65.270304 
88.315376 
80.930407 
89.371024 
68.611989 
63.171319 
70.877527 
72.513040 
63.653776 
73.721085 
79.807248 
75.185051 
85.674756 
57.262165 
54.658843 
60.117211 
59.145327 
48.576459 
45.462590 
42.822909 
60.274469 
60.443623 
60.081879 
60.108442 
59.493307 
59.257806 
59.020507 
44.383413 
46.055266 
41.465325 
58.031443 
58.663310 
56.613941 
53.994773 
58.041683 
51.291324 
57.950324 
57.125041 
49.449229 
50.921752 
49.176895 
57.379420 
54.351729 
45.938904 
45.324327 
42.334032 
59.602883 
59.054232 
60.186094 
60.315720 
60.274526 
47.687460 
50.726620 
45.513275 
59.505107 
58.384502 
57.434471 
57.225639 
55.638602 
56.634671 
49.708315 
74.562556 
65.756759 
88.151827 
82.568309 
75.442699 
74.936708 
68.769693 
92.166403 
91.660420 
85.048535 
89.868182 
88.534155 
81.879423 
85.119718 
74.177449 
73.812535 
69.612836 
79.876834 
78.144961 
76.660844 
73.184075 
72.697755 
69.748045 
87.479348 
84.192756 
79.977022 
87.940994 
92.230552 
92.210552 
85.566773 
82.549871 
83.512302 
89.223357 
63.311070 
74.540232 
74.296083 
63.844406 
73.000785 
79.032097 
76.216015 
72.028222 
65.302531 
72.191402 
72.465214 
68.202577 
88.214072 
79.565086 
83.701660 
52.666990 
40.616153 
43.232955 
52.564722 
54.610380 
40.844513 
39.610383 
58.244894 
49.528054 
49.210344 
59.413336 
51.848801 
57.962222 
60.407436 
57.543814 
61.217413 
60.175606 
63.832546 
65.642863 
39.712587 
45.359038 
48.347674 
48.993678 
40.559112 
41.863367 
51.659343 
57.098726 
48.114452 
42.716535 
57.946169 
59.988511 
62.377342 
61.017041 
63.085894 
64.612932 
65.794821 
66.221528 
42.188424 
55.902095 
52.739080 
63.606816 
66.966668 
67.951501 
62.840676 
65.372846 
66.114004 
71.472990 
75.949724 
76.862091 
62.395466 
64.264802 
64.798276 
62.082686 
63.402540 
63.807908 
67.023321 
70.975325 
72.415928 
80.069975 
83.693241 
84.306565 
77.987754 
81.074376 
82.551961 
87.193533 
89.422878 
89.776033 
69.164105 
73.949823 
75.121003 
61.772320 
62.520739 
62.849104 
61.419050 
61.957894 
62.211758 
63.440585 
64.869745 
65.530005 
61.087083 
61.606186 
61.714969 
60.915802 
61.605982 
61.570358 
62.584039 
64.234457 
64.132262 
67.421116 
70.365042 
71.121618 
66.730266 
69.410708 
69.789711 
73.087105 
75.506113 
76.035165 
62.734390 
64.252394 
64.490749 
91.041048 
91.499240 
91.701828 
88.808940 
88.752640 
90.539438 
91.626205 
91.368487 
92.202274 
83.886431 
83.641408 
86.110346 
79.743399 
80.231069 
81.710255 
83.388490 
83.413809 
84.726903 
90.523473 
89.029932 
91.133660 
85.836588 
85.221796 
86.589024 
87.086632 
85.868967 
87.342816 
88.100015 
87.004799 
89.579487 
64.921466 
70.287616 
67.190163 
69.173295 
74.917954 
76.134703 
73.801590 
78.097076 
80.294348 
82.676739 
80.282383 
85.088638 
85.612877 
87.738797 
89.074725 
76.131947 
80.975459 
78.363029 
86.331950 
86.253193 
85.617864 
86.128039 
88.314309 
90.333324 
90.723774 
83.526989 
84.721771 
80.037569 
81.947968 
84.053769 
84.687962 
86.727578 
91.637280 
92.142238 
92.555810 
89.536180 
89.933498 
91.312104 
92.203601 
91.941213 
92.377117 
86.936028 
88.467928 
89.665657 
73.464240 
76.377545 
67.199054 
70.223761 
71.226798 
68.810846 
72.384999 
62.822261 
64.501790 
60.954908 
61.689818 
61.819167 
61.178070 
61.993124 
66.274194 
64.458799 
67.333363 
62.333549 
61.643465 
62.716421 
63.222376 
62.287117 
63.792184 
64.991352 
63.339467 
65.568189 
90.856308 
89.242966 
90.980279 
83.265278 
79.888017 
84.862734 
85.913072 
81.667623 
86.233256 
73.996256 
69.823940 
75.195986 
64.751160 
62.914297 
65.396172 
66.028603 
63.376205 
66.640664 
77.568858 
73.242386 
78.086171 
67.099408 
63.617152 
67.604545 
68.014312 
63.636156 
68.383338 
76.348352 
71.832418 
77.126872 
78.743646 
75.313992 
77.172932 
81.242145 
83.986195 
69.736716 
72.608830 
66.892857 
72.195015 
77.196705 
87.304546 
89.439252 
82.388502 
87.489868 
90.608554 
77.838150 
80.232527 
82.694266 
60.245285 
59.698347 
61.044374 
60.682744 
55.894286 
50.695316 
49.471577 
61.422126 
61.247867 
61.483314 
61.493520 
59.714318 
57.742775 
56.211497 
47.034411 
45.058856 
43.849036 
50.368364 
48.507929 
46.618942 
43.993563 
43.316293 
42.132154 
58.296061 
53.952253 
52.018896 
61.154332 
61.324934 
60.768273 
60.958620 
60.370753 
59.826051 
59.808787 
60.505374 
60.615217 
60.432229 
60.447064 
60.070743 
59.812650 
59.787661 
59.449095 
59.256238 
59.118675 
59.536704 
59.415635 
59.346865 
59.173174 
59.112281 
59.011022 
60.173088 
59.774599 
59.792994 
42.756617 
42.753587 
41.415306 
46.924277 
48.144130 
44.838408 
43.184733 
44.372235 
41.936350 
55.588022 
57.439030 
53.333967 
58.750756 
58.821417 
58.557231 
58.334613 
58.495456 
58.085782 
47.318020 
52.434137 
46.008166 
57.831379 
58.166697 
57.568122 
57.338875 
57.973385 
57.151780 
50.723302 
55.382972 
48.748834 
60.391604 
58.956705 
59.548046 
58.911672 
55.717690 
58.497938 
58.571414 
58.606310 
57.455868 
54.103980 
50.369102 
47.146957 
49.412665 
46.601630 
44.593520 
57.188857 
53.163686 
53.718754 
55.664458 
55.427194 
56.791992 
56.149371 
49.776119 
46.425883 
45.511197 
57.935480 
57.399292 
58.663412 
58.350732 
56.089611 
53.130937 
50.915031 
44.555601 
43.823447 
42.628154 
47.611640 
47.101096 
45.354634 
43.691736 
44.014611 
42.511471 
52.395851 
49.067640 
47.561388 
59.217860 
59.022513 
59.605699 
59.409589 
59.343503 
59.544188 
59.152390 
60.115402 
59.848965 
60.459542 
60.529448 
60.635593 
59.877424 
60.325010 
59.746430 
60.750225 
60.859093 
60.936907 
60.975145 
59.881533 
60.257624 
59.902033 
45.260099 
46.539711 
44.094452 
50.061861 
51.376646 
49.125696 
48.223998 
50.181255 
47.430552 
56.270503 
58.977658 
54.901850 
60.949942 
60.885663 
60.802702 
60.707979 
52.861866 
57.143673 
52.714245 
60.724896 
60.731038 
60.861861 
61.099467 
53.700082 
57.779394 
53.057851 
58.448547 
58.236569 
58.245250 
56.290017 
51.936680 
59.185759 
58.586686 
60.002371 
57.989380 
53.871297 
49.168721 
47.465115 
50.734073 
48.541156 
46.137531 
55.596135 
52.218292 
51.598168 
69.036458 
64.897374 
77.836855 
73.728134 
70.126924 
70.949282 
66.691171 
85.456060 
81.933207 
90.097379 
88.329090 
85.706987 
85.192941 
82.453725 
71.672751 
71.876130 
68.290211 
78.780888 
78.286896 
75.267938 
71.942357 
71.927521 
69.075374 
78.787472 
79.109916 
75.281898 
92.121119 
91.586595 
92.265486 
92.374464 
92.094932 
91.593341 
91.313815 
89.890899 
91.499641 
85.538450 
87.367375 
87.127500 
84.370706 
86.536406 
90.142433 
87.004361 
88.496916 
85.606202 
82.691404 
84.396415 
83.164407 
81.105898 
82.011588 
91.595032 
89.527507 
91.188225 
71.888984 
71.879072 
69.451622 
76.162947 
75.789661 
74.013381 
71.869700 
71.854741 
69.774852 
79.094532 
78.255126 
77.275260 
80.153796 
79.257516 
78.848671 
77.467604 
76.936577 
76.079895 
71.681049 
71.507481 
69.881162 
74.468311 
74.230931 
72.937935 
71.264779 
71.020308 
69.524003 
75.419337 
74.939613 
73.539241 
90.397843 
89.338443 
90.101990 
88.102091 
84.969322 
85.336085 
87.687582 
82.435470 
82.010768 
80.832960 
80.990825 
77.671644 
78.918089 
76.923757 
74.551274 
86.084457 
82.327081 
83.756839 
85.908755 
90.915747 
88.430333 
85.297759 
84.455352 
92.706732 
92.308172 
92.233828 
92.628750 
92.476433 
91.794601 
91.654241 
83.418001 
82.442429 
88.795220 
86.692319 
83.961795 
81.576796 
80.795154 
90.883630 
90.267346 
87.067104 
89.646228 
91.055296 
83.136760 
87.039833 
86.902427 
83.062721 
86.047050 
74.304400 
78.682779 
63.449940 
68.705834 
68.951854 
63.212360 
68.970168 
78.516089 
73.672894 
77.642703 
69.051080 
63.496201 
68.829453 
68.668753 
64.204063 
68.558718 
79.290139 
74.689161 
79.258319 
79.424181 
78.356824 
78.477027 
76.715098 
77.688701 
77.141116 
75.831987 
74.988498 
72.061833 
74.797286 
68.551506 
64.896221 
68.681470 
68.953587 
65.837397 
69.412268 
74.220963 
72.596600 
69.918578 
67.413210 
70.411060 
70.755648 
68.799876 
74.681470 
72.375545 
74.447127 
91.181923 
85.549115 
88.969762 
90.854681 
89.985446 
76.668628 
80.862449 
72.391735 
75.732806 
78.340100 
87.456656 
83.672630 
80.350693 
80.998001 
80.863224 
84.011929 
82.214931 
86.443800 
59.048381 
48.279250 
53.373447 
58.370617 
57.981105 
42.508420 
44.216399 
40.942715 
41.569055 
41.517120 
41.101811 
43.109712 
57.819696 
58.335531 
47.871831 
49.114967 
53.423470 
59.080454 
59.871755 
47.196292 
47.017835 
52.213684 
40.388026 
40.405685 
41.782103 
40.769745 
39.914185 
40.321986 
39.424899 
50.121447 
44.736749 
58.073053 
57.020495 
56.965209 
58.481373 
57.075091 
43.257202 
50.126237 
44.257477 
57.197793 
59.076779 
57.591254 
58.059124 
59.776146 
58.582437 
43.511127 
48.981675 
42.933860 
60.976128 
61.670151 
55.692366 
57.461876 
59.047351 
62.479058 
63.445743 
55.127061 
58.848185 
57.481160 
59.450579 
60.645683 
60.095395 
60.888953 
61.948387 
61.859519 
64.835598 
65.927238 
63.302136 
64.129434 
64.895534 
66.804016 
67.381662 
59.705107 
61.822737 
62.170830 
39.812856 
39.365979 
39.183167 
39.751336 
41.118605 
46.675830 
41.753496 
54.889518 
50.692934 
49.861189 
45.870572 
51.020480 
51.120568 
53.281396 
56.289728 
41.496099 
46.099419 
43.048907 
55.503734 
44.780341 
48.756305 
55.924492 
56.688849 
41.574766 
42.492964 
41.461928 
41.271850 
40.872851 
40.689411 
41.790582 
57.545999 
58.427637 
45.811986 
48.164664 
54.386929 
59.186249 
59.831237 
44.257717 
44.493015 
49.709905 
43.945685 
42.595658 
48.806755 
46.003096 
44.853089 
48.193869 
44.645382 
57.358347 
52.602059 
61.474089 
62.035757 
62.862100 
55.286396 
61.241927 
57.040485 
63.850204 
64.875791 
65.672277 
66.236541 
52.596804 
58.742920 
53.469142 
60.747443 
61.398294 
61.303231 
62.673167 
61.980658 
62.190531 
63.162661 
62.897196 
65.250880 
63.774315 
66.852453 
67.206320 
67.579044 
67.857893 
64.517677 
66.020269 
68.045311 
67.959921 
67.748334 
64.277675 
66.125104 
64.525362 
41.029072 
44.664346 
41.614486 
40.458297 
41.444079 
58.967886 
52.534011 
63.549749 
60.950949 
59.323499 
45.576501 
54.035558 
58.738447 
58.942487 
59.495379 
47.689014 
53.362642 
45.173931 
63.873674 
65.521390 
65.929559 
63.373443 
64.812524 
65.150508 
67.452143 
69.645810 
70.206345 
62.993836 
64.244991 
64.518280 
62.707417 
63.781896 
64.001717 
65.731343 
67.522937 
68.029384 
72.032837 
74.318583 
74.788819 
70.872873 
73.198070 
73.788518 
76.442809 
78.380617 
78.780382 
66.529348 
68.575391 
69.116097 
62.487799 
63.428648 
63.610153 
62.311125 
63.109768 
63.263228 
64.523706 
65.848781 
66.246199 
62.156810 
62.832176 
62.968319 
62.008302 
62.575206 
62.701845 
63.601694 
64.515528 
64.815165 
67.522191 
69.503432 
70.136796 
66.536398 
68.222320 
68.861430 
71.719269 
73.902882 
74.603892 
64.031230 
65.148857 
65.493883 
80.392826 
82.211510 
82.449026 
79.659331 
81.390721 
81.854008 
84.082433 
85.897491 
86.091304 
78.613112 
80.227190 
80.845713 
77.294023 
78.825167 
79.551642 
81.846180 
83.491710 
84.293498 
87.519302 
88.760038 
88.856556 
86.661210 
87.974896 
88.468302 
89.691143 
90.376586 
90.465343 
83.184647 
85.005998 
85.548101 
65.078224 
68.598540 
66.668084 
67.094373 
69.715159 
73.218495 
70.887724 
75.398881 
76.103852 
76.723890 
72.735938 
75.571852 
77.256996 
77.714145 
78.088935 
71.549093 
74.574284 
72.166684 
61.853880 
62.262473 
62.384796 
61.687522 
62.020176 
62.139982 
62.682727 
63.139287 
63.353351 
61.509871 
61.781768 
61.896101 
61.329055 
61.568983 
61.671220 
62.079593 
62.434611 
62.577717 
63.677035 
64.331343 
64.637842 
63.226579 
63.822959 
64.057101 
65.176179 
66.268902 
66.670953 
62.362703 
62.751597 
62.940930 
61.160522 
61.373593 
61.452386 
61.024227 
61.260585 
61.308431 
61.651175 
62.031119 
62.069397 
60.937735 
61.211388 
61.225446 
60.907695 
61.225297 
61.211527 
61.582874 
62.073332 
62.037343 
62.564350 
63.273919 
63.240553 
62.614872 
63.362262 
63.316023 
64.184890 
65.284744 
65.234256 
61.579592 
62.021431 
62.018435 
67.713443 
69.222190 
69.607870 
67.186459 
68.625320 
68.893152 
70.719439 
72.108665 
72.512421 
66.853084 
68.203005 
68.385000 
66.620840 
67.904830 
68.043590 
69.588848 
70.976679 
71.176843 
73.413103 
74.610900 
74.942516 
72.798678 
74.066922 
74.316573 
75.751759 
76.843831 
77.074022 
70.057042 
71.452307 
71.764798 
61.826488 
62.632910 
62.165334 
62.288576 
62.869317 
64.183186 
63.298445 
65.306570 
65.385750 
65.478465 
63.648224 
64.655307 
65.617634 
65.782118 
66.000636 
63.373541 
64.350216 
63.489992 
91.110480 
91.443050 
91.391496 
90.784017 
91.000046 
91.313031 
91.690153 
91.858504 
91.935167 
89.677778 
89.769484 
90.485193 
87.735387 
87.709047 
88.836973 
89.754304 
89.627314 
90.494853 
91.955697 
91.967800 
92.189024 
91.094571 
90.919178 
91.549321 
91.889804 
91.705288 
92.125239 
91.121616 
91.155513 
91.605415 
85.183667 
85.038197 
86.354296 
82.683046 
82.651606 
83.780005 
84.822932 
84.566192 
85.788099 
80.632170 
80.768408 
81.644452 
78.901245 
79.202484 
79.965049 
80.941495 
81.164464 
81.822861 
84.309562 
84.094770 
85.046779 
82.637972 
82.754003 
83.344913 
83.972851 
83.987017 
84.518528 
82.603979 
82.590594 
83.496093 
91.361689 
90.874163 
91.619470 
89.436850 
88.646483 
89.861343 
90.198246 
89.331190 
90.449023 
86.921647 
86.245678 
87.363072 
85.026092 
84.887301 
85.413934 
85.734381 
85.484035 
85.988903 
88.289884 
87.247836 
88.468995 
86.178558 
85.804760 
86.307918 
86.376697 
85.872377 
86.387989 
87.748552 
86.872135 
88.058033 
87.492007 
86.747941 
87.166712 
88.489063 
89.330229 
85.766719 
86.260993 
85.328640 
86.393988 
87.645797 
90.039574 
90.598308 
88.954803 
90.109239 
91.036721 
87.599199 
88.336846 
88.907626 
63.120575 
64.404298 
63.721014 
64.111373 
65.478282 
66.299199 
65.267950 
69.108607 
67.594710 
68.660179 
71.532720 
69.803950 
67.498736 
70.104515 
70.995129 
73.901837 
72.088181 
73.071652 
75.793560 
65.943383 
68.158278 
66.695999 
72.442968 
70.963475 
74.951379 
73.770066 
75.041650 
77.316565 
76.283224 
77.060361 
76.061550 
78.005356 
78.952538 
79.929581 
79.459144 
81.445069 
80.604285 
81.006475 
82.140372 
83.380504 
84.682555 
77.164481 
79.168150 
78.297449 
78.511935 
80.747873 
81.960786 
84.356275 
82.636782 
83.164166 
85.626743 
84.711583 
86.756901 
85.776005 
86.197428 
87.394005 
88.426436 
89.240492 
87.821759 
89.361093 
89.862050 
90.239963 
90.413888 
86.660610 
88.521655 
87.357199 
72.167882 
77.402835 
74.987884 
73.417069 
74.618889 
81.931299 
79.725997 
84.147919 
83.328036 
82.239109 
75.784809 
76.799048 
80.856424 
79.365061 
77.712937 
78.592049 
79.752111 
77.288194 
85.845704 
85.760053 
85.826405 
85.869044 
86.329847 
87.248905 
87.226358 
85.533523 
85.715393 
84.947517 
85.278018 
85.911817 
86.568962 
86.858888 
88.441043 
89.597069 
89.699902 
88.094180 
89.109551 
89.400429 
90.575768 
91.315399 
91.487889 
86.269712 
87.078640 
87.208700 
83.992560 
84.494511 
82.724496 
83.401525 
84.167774 
84.480468 
85.119584 
81.071337 
81.934513 
79.055319 
80.108813 
81.038668 
81.053019 
82.025003 
84.886984 
85.329971 
86.188315 
83.136884 
83.346458 
84.375899 
85.759448 
86.130709 
87.197894 
82.784736 
82.931303 
83.753246 
91.875588 
92.203312 
92.360311 
91.297098 
91.608406 
91.955068 
92.393666 
92.473197 
92.636261 
90.263722 
90.547359 
91.140219 
88.641709 
88.863038 
89.795370 
90.707165 
90.755996 
91.377299 
92.459978 
92.371039 
92.534922 
91.840230 
91.734332 
92.109148 
92.210989 
91.981949 
92.153378 
91.787085 
91.859221 
92.219000 
85.222646 
86.339647 
85.712997 
86.197334 
87.417897 
87.664871 
87.025475 
88.213946 
89.074960 
89.779642 
88.787624 
90.057878 
90.352159 
90.786731 
91.105932 
87.735113 
89.134503 
88.322981 
75.924731 
77.240056 
72.989353 
74.497127 
74.968906 
73.972748 
75.473008 
69.807737 
71.379989 
66.855481 
68.275146 
68.664680 
67.554472 
69.074142 
72.902588 
71.785371 
73.489426 
69.545420 
68.347921 
70.037908 
70.589282 
69.330589 
71.189665 
71.855804 
70.706329 
72.365805 
64.372058 
65.445994 
62.736818 
63.471121 
63.579238 
62.906617 
63.682658 
61.644927 
62.126368 
60.928309 
61.250683 
61.286628 
60.992024 
61.331002 
62.343849 
61.898357 
62.433681 
61.392105 
61.101945 
61.460782 
61.546904 
61.270293 
61.650483 
62.196025 
61.750367 
62.268808 
67.971711 
66.770149 
68.592616 
64.897050 
64.117639 
65.275018 
65.718156 
64.844382 
66.216388 
62.988123 
62.512696 
63.205319 
61.809130 
61.504101 
61.956944 
62.126355 
61.794698 
62.311832 
64.112400 
63.500665 
64.475120 
62.522257 
62.119949 
62.734686 
62.957436 
62.452904 
63.182941 
63.476202 
62.958531 
63.781750 
65.741154 
63.880732 
64.742448 
66.041073 
66.347293 
62.588052 
63.154598 
62.148262 
62.772145 
63.558795 
66.700599 
67.068952 
64.599687 
65.891768 
67.493556 
64.083349 
64.320365 
65.261699 
91.469563 
90.991695 
91.478163 
89.879148 
88.885179 
90.192864 
90.332398 
89.401963 
90.308883 
85.995675 
84.115990 
86.791889 
80.780954 
79.278344 
81.510030 
82.195034 
80.440965 
82.815690 
88.021893 
86.176753 
88.039842 
83.335563 
81.344416 
83.741628 
83.999742 
81.883645 
84.099587 
87.425183 
85.481179 
87.834072 
76.442450 
74.635521 
77.003333 
71.270093 
69.232958 
71.949153 
72.570196 
70.374697 
73.128575 
66.408480 
65.076498 
66.861832 
63.531206 
62.768869 
63.754894 
63.973875 
63.048891 
64.186598 
68.211377 
66.342430 
68.646718 
64.388066 
63.280631 
64.583355 
64.767937 
63.457698 
64.943662 
67.335271 
65.719034 
67.787697 
79.753028 
77.863018 
80.009926 
75.197728 
72.907438 
75.540209 
75.817747 
73.514873 
76.034552 
69.677003 
67.363411 
70.026287 
65.054223 
63.578095 
65.202269 
65.336005 
63.642323 
65.461661 
70.878835 
68.215921 
71.117187 
65.553836 
63.651667 
65.653712 
65.735279 
63.607473 
65.807443 
70.365831 
67.824863 
70.648725 
77.629784 
73.743869 
75.813122 
78.177983 
78.652905 
69.047098 
71.387943 
66.887739 
69.390668 
72.208078 
79.046587 
79.368934 
74.975179 
77.385941 
79.605823 
74.227841 
74.636398 
76.776642 
78.326880 
76.747787 
77.560279 
79.419599 
80.532808 
74.896931 
75.847480 
72.708010 
73.851756 
76.295587 
77.646629 
78.487110 
81.752467 
83.036225 
80.594589 
81.912782 
82.561981 
84.446920 
85.919828 
78.002479 
79.281665 
79.962726 
69.860223 
71.228117 
67.209234 
68.478109 
71.220489 
72.552776 
73.953058 
65.099637 
66.048855 
64.267706 
65.756244 
67.762269 
73.809676 
74.863579 
76.268434 
70.411846 
73.175944 
75.744118 
77.976057 
68.254324 
69.349046 
71.002532 
87.579425 
88.817163 
86.693815 
87.834288 
88.492322 
89.819558 
90.563019 
84.203406 
85.028182 
86.691230 
80.486583 
82.922420 
85.646908 
88.036374 
91.097563 
91.402938 
89.765156 
90.830847 
91.526066 
88.722138 
89.368318 
90.144416 
74.062136 
76.616185 
75.390493 
76.610830 
78.899595 
78.778836 
77.776479 
79.686842 
81.343854 
82.881204 
81.219360 
83.476930 
84.210315 
85.123251 
85.683376 
79.069151 
81.567987 
80.231392 
61.760518 
61.607347 
62.017625 
61.895375 
59.977670 
57.937392 
57.464426 
62.197610 
62.108518 
62.320481 
62.266669 
60.872606 
59.508020 
59.167537 
55.238522 
52.403345 
51.828274 
56.584058 
53.910587 
53.097759 
50.029890 
48.118249 
47.503228 
60.471361 
58.773457 
58.360460 
62.330171 
62.310910 
62.311516 
62.329301 
61.344810 
60.422063 
60.230397 
62.214710 
62.268228 
62.057499 
62.143119 
61.497423 
60.855509 
60.791393 
59.451498 
58.370596 
57.851619 
59.935499 
59.159418 
58.803969 
57.044630 
55.452117 
54.318465 
61.467496 
60.692098 
60.569017 
46.387871 
45.218261 
44.650592 
47.770367 
46.632986 
45.880620 
44.413829 
43.835768 
43.274514 
49.439784 
48.385260 
47.479760 
51.403311 
50.347090 
49.341125 
47.525000 
46.849593 
45.966256 
43.375838 
43.003874 
42.448238 
44.684279 
44.311160 
43.623613 
42.692146 
42.436842 
41.868826 
45.789787 
45.166144 
44.459390 
61.153197 
58.748299 
60.009928 
59.768095 
57.795355 
55.099873 
57.122602 
53.025108 
51.882623 
50.908844 
54.619822 
51.293293 
50.059920 
49.318903 
48.668317 
56.325294 
52.914019 
55.468113 
61.785209 
61.900555 
61.535162 
61.662305 
61.243484 
60.795242 
60.847335 
61.281364 
61.406551 
61.053051 
61.162431 
60.860245 
60.511994 
60.586246 
60.411976 
60.092661 
60.099908 
60.323656 
60.047987 
60.074089 
59.823556 
59.602733 
59.566734 
61.056983 
60.657953 
60.728723 
60.875257 
60.958294 
60.750957 
60.806460 
60.553595 
60.293723 
60.335143 
60.679389 
60.710253 
60.651837 
60.660250 
60.433446 
60.244504 
60.240799 
60.083437 
59.920797 
59.928072 
60.070309 
59.939225 
59.924822 
59.795334 
59.699159 
59.680071 
60.469611 
60.245204 
60.262537 
59.417264 
59.287212 
59.223533 
59.472950 
59.373448 
59.335539 
59.196193 
59.139375 
59.053264 
59.513699 
59.438390 
59.407769 
59.563988 
59.502432 
59.469749 
59.382276 
59.334545 
59.301093 
59.107830 
59.091841 
59.010718 
59.221975 
59.184129 
59.148290 
59.075951 
59.041088 
59.004700 
59.305191 
59.258211 
59.205387 
60.685115 
60.134933 
60.381890 
60.441599 
60.220663 
59.776522 
59.932836 
59.655777 
59.639047 
59.629294 
60.008754 
59.810209 
59.622668 
59.619361 
59.613870 
59.950851 
59.781107 
59.977035 
42.154472 
42.049864 
41.505246 
43.487070 
43.521207 
42.713627 
42.016951 
42.070137 
41.397829 
45.506885 
45.821492 
44.541116 
48.606201 
49.289202 
47.434186 
46.325210 
47.060113 
45.322051 
42.226844 
42.515834 
41.635688 
44.422425 
45.155475 
43.651143 
42.982585 
43.705209 
42.413333 
43.671553 
43.956156 
42.901782 
53.007179 
54.527834 
51.699159 
57.188399 
57.760125 
56.650970 
55.978090 
57.059325 
55.160459 
58.492076 
58.656686 
58.346590 
58.894160 
58.896497 
58.820339 
58.744018 
58.743743 
58.665699 
57.784260 
58.212887 
57.546254 
58.583480 
58.580331 
58.501299 
58.418037 
58.409808 
58.335535 
58.177987 
58.448866 
57.990341 
44.942274 
46.612446 
44.298854 
50.199801 
53.181589 
49.424670 
48.773966 
51.796401 
48.235938 
56.707671 
57.697472 
56.371673 
58.252671 
58.243126 
58.177800 
58.109281 
58.098550 
58.049121 
55.347420 
57.233934 
55.024544 
58.001326 
57.999061 
57.964720 
57.942917 
57.966855 
57.935992 
56.005506 
57.445568 
55.657636 
50.380196 
54.058239 
51.961291 
49.223510 
48.180026 
57.274000 
56.037061 
57.955773 
56.990065 
54.684192 
47.207440 
46.339482 
50.923077 
47.977277 
45.578448 
52.931313 
51.860542 
49.664889 
61.420795 
60.441146 
60.888761 
60.893060 
60.285796 
59.713854 
60.041342 
59.211873 
59.435870 
59.222441 
58.559346 
58.895447 
59.488513 
58.411272 
58.392277 
57.031136 
57.684586 
56.695800 
54.124052 
59.938255 
59.291767 
59.758689 
58.903804 
59.016304 
58.815861 
58.838923 
58.505326 
57.985200 
57.976026 
58.854424 
58.826626 
58.884287 
58.682862 
58.346278 
57.238099 
56.191979 
55.860164 
57.736219 
56.665405 
54.726461 
52.187755 
58.535044 
58.185169 
58.054048 
51.243451 
49.382081 
49.795856 
48.231135 
48.693708 
47.698961 
46.226726 
49.315841 
47.920024 
47.965726 
49.783674 
48.116828 
46.627469 
45.408901 
44.946357 
43.895650 
44.397293 
43.614979 
42.966730 
46.771785 
45.490644 
45.766415 
58.719774 
57.066449 
58.046617 
58.244043 
57.492405 
53.452148 
55.491770 
51.441932 
51.105442 
51.076255 
56.248679 
54.559304 
51.324750 
51.847953 
52.744769 
55.463572 
53.267132 
55.723583 
57.299577 
57.297288 
57.414669 
57.338823 
55.498013 
52.420232 
52.219912 
57.634996 
57.510433 
57.913387 
57.770972 
56.461579 
54.288596 
53.678344 
49.406775 
47.423855 
47.101957 
50.280707 
48.380285 
47.853126 
45.914837 
44.810935 
44.350847 
55.872979 
53.120536 
52.696945 
58.194349 
58.052563 
58.454469 
58.328909 
57.682100 
56.747640 
56.181822 
58.680399 
58.572733 
58.873231 
58.780449 
58.516747 
58.239068 
57.968570 
55.257783 
53.493030 
52.393433 
56.801105 
55.677478 
54.624604 
51.943982 
50.900395 
50.000485 
58.156261 
57.629563 
57.222661 
43.999196 
43.500978 
42.992693 
45.205264 
44.788653 
44.103709 
43.182256 
43.011784 
42.415904 
46.745944 
46.392849 
45.564262 
48.513565 
48.198504 
47.279316 
46.202803 
46.147333 
45.280974 
42.973795 
43.047746 
42.368784 
44.478444 
44.617006 
43.802789 
43.229716 
43.510553 
42.756870 
44.552263 
44.455746 
43.693979 
57.094314 
53.337997 
55.531733 
54.881722 
51.581893 
49.929175 
51.263996 
49.090932 
48.216901 
47.381837 
48.892950 
46.943005 
46.593124 
45.899139 
45.299549 
50.335311 
48.281548 
49.552992 
59.087469 
59.005671 
59.248079 
59.168074 
59.122199 
59.157529 
59.034760 
59.416147 
59.331781 
59.600245 
59.505433 
59.505636 
59.608293 
59.498265 
59.204527 
59.269147 
59.090746 
59.475161 
59.583673 
59.432208 
59.358726 
59.477141 
59.245434 
59.313654 
59.387453 
59.274248 
59.827073 
59.713964 
60.093169 
59.952890 
59.975409 
60.147043 
60.005272 
60.439605 
60.256198 
60.654522 
60.669043 
60.696666 
60.348509 
60.578898 
60.394767 
60.735134 
60.786540 
60.847106 
60.914834 
60.275947 
60.488671 
60.307108 
59.638584 
59.825485 
59.540913 
60.100520 
60.326744 
60.084407 
60.048587 
60.308219 
59.990767 
60.529972 
60.806626 
60.568033 
60.984326 
61.057505 
61.129427 
61.198087 
60.613049 
60.960704 
60.600430 
61.261025 
61.318280 
61.368399 
61.411594 
60.593397 
60.902099 
60.608620 
59.722603 
60.028589 
59.864613 
59.732955 
59.740832 
60.439847 
60.221393 
60.692475 
60.486174 
60.290459 
59.739540 
59.726479 
60.093088 
59.898290 
59.694358 
60.055683 
60.078660 
59.896042 
44.130979 
44.656484 
43.547629 
46.457544 
47.101550 
45.855624 
45.282614 
46.007527 
44.747176 
48.907407 
49.590015 
48.377402 
51.108871 
51.760992 
50.701988 
50.305114 
51.038283 
49.915766 
46.859124 
47.804946 
46.403825 
49.538164 
50.438706 
49.181756 
48.859116 
49.967944 
48.587858 
47.844273 
48.663548 
47.334940 
53.972344 
55.550244 
53.338305 
58.239525 
59.254900 
57.752731 
57.235398 
58.682658 
56.722728 
60.332740 
60.920555 
60.227706 
61.465121 
61.492712 
61.516624 
61.536564 
59.831430 
60.752451 
59.678731 
61.561173 
61.581393 
61.606580 
61.636661 
60.100026 
60.844193 
59.966108 
51.253250 
52.741034 
51.108659 
55.015418 
57.247139 
54.851584 
54.796559 
57.134106 
54.847651 
59.391878 
60.715565 
59.302016 
61.724236 
61.781050 
61.856873 
61.949724 
59.291949 
60.958228 
59.370290 
62.083841 
62.228593 
62.408637 
62.619680 
59.236979 
60.777565 
59.233221 
52.744622 
56.138938 
54.233297 
52.298496 
51.957146 
59.544887 
58.061432 
60.703257 
59.445710 
57.563637 
51.692739 
51.484068 
55.092214 
52.909481 
51.334420 
55.682055 
55.331022 
53.320851 
58.855591 
58.787427 
58.821394 
58.561744 
57.997212 
58.771833 
58.764743 
58.907233 
58.816650 
58.206229 
57.200913 
57.290727 
56.824359 
54.785162 
55.872227 
53.709672 
54.103212 
52.333344 
50.571153 
58.330825 
57.460452 
57.714699 
59.275758 
59.076110 
59.816921 
59.525478 
58.854481 
58.213611 
57.801553 
60.542357 
60.165499 
60.972834 
60.451271 
59.781765 
57.258424 
56.099337 
55.206097 
58.754965 
57.159973 
54.924942 
52.882590 
59.571920 
59.222046 
58.687302 
49.172795 
48.120306 
49.360996 
48.597060 
48.268807 
47.176449 
46.361749 
50.175782 
49.680671 
49.087582 
51.380940 
50.363584 
49.252550 
48.073594 
45.629536 
45.034169 
46.828426 
45.654203 
44.531963 
47.924259 
47.331854 
46.751309 
58.356398 
55.991428 
57.416253 
57.210545 
55.476959 
52.872427 
54.252089 
51.964499 
51.350121 
50.895128 
53.338167 
51.624164 
50.546713 
50.352144 
50.335987 
53.666696 
51.812628 
53.362370 
66.374814 
64.518029 
70.794079 
68.497772 
66.854052 
67.342785 
65.312285 
75.363528 
73.173875 
79.287618 
77.396274 
75.861521 
76.259999 
74.194458 
67.871472 
68.347362 
66.220925 
72.397206 
72.771306 
70.576939 
68.797058 
69.191007 
67.150711 
71.401749 
71.946832 
69.604528 
83.177697 
81.344927 
86.672871 
85.001562 
83.729461 
84.063820 
82.347302 
89.196239 
88.109404 
90.660178 
90.028049 
89.324118 
89.267658 
88.332207 
84.200036 
84.120400 
82.597490 
87.032951 
86.770708 
85.527606 
83.877877 
83.504494 
82.166682 
87.032432 
87.142373 
85.698388 
69.645859 
69.904227 
67.964368 
73.613010 
73.623173 
71.805755 
70.106857 
70.255055 
68.556662 
77.161480 
77.015176 
75.385887 
80.314204 
80.024172 
78.562863 
76.814676 
76.581105 
75.112063 
70.378367 
70.457768 
68.939124 
73.462883 
73.381302 
71.941641 
70.520349 
70.568577 
69.187768 
73.610527 
73.552333 
71.926767 
79.914095 
80.713266 
80.400599 
78.383631 
76.755572 
80.823335 
80.866274 
80.630699 
79.005586 
77.296898 
74.995411 
73.189577 
75.425544 
73.469628 
71.369852 
79.031575 
77.262630 
77.081063 
91.709206 
91.369721 
92.168156 
91.974059 
91.888706 
91.954218 
91.677174 
92.342399 
92.295068 
92.155233 
92.301712 
92.372408 
92.270410 
92.336230 
91.916408 
91.773608 
91.541671 
92.184645 
91.945232 
91.915377 
91.510049 
91.092055 
90.954698 
92.286950 
92.294155 
92.162156 
91.361319 
91.828425 
89.762060 
90.679381 
90.826298 
89.929055 
90.881293 
87.390703 
88.600267 
85.705214 
86.342669 
86.239705 
85.318782 
86.074267 
88.573068 
86.879180 
88.377070 
85.852740 
84.730914 
85.560877 
85.207811 
83.975091 
84.797326 
88.683600 
87.289900 
88.679968 
90.402073 
89.408188 
89.635656 
89.547923 
87.838935 
88.833530 
87.949730 
86.078237 
86.941472 
87.132390 
85.020140 
86.457732 
84.333962 
83.121561 
83.842122 
83.341502 
82.275920 
82.853234 
84.139875 
82.587689 
83.395500 
82.377416 
81.494842 
81.922618 
81.462837 
80.695061 
80.984222 
85.718321 
83.773391 
84.929398 
91.989681 
90.912365 
91.602737 
92.044769 
91.988639 
88.119346 
89.769199 
86.126493 
87.707488 
89.122203 
91.810517 
91.501278 
90.155297 
90.755240 
91.038271 
90.806744 
90.561894 
91.461523 
70.629809 
70.666764 
69.370344 
73.070647 
73.021881 
71.884422 
70.703568 
70.744207 
69.531646 
75.208897 
75.080102 
74.098287 
77.036071 
76.796851 
75.982953 
74.942323 
74.796431 
73.919411 
70.779884 
70.821765 
69.695237 
72.881212 
72.833364 
71.870167 
70.854921 
70.873500 
69.842894 
72.984730 
72.937775 
71.876509 
78.512819 
78.174779 
77.561359 
79.552928 
79.061836 
78.678379 
77.815588 
77.455503 
76.971193 
80.068304 
79.508464 
79.335169 
80.188933 
79.771182 
79.632993 
79.048124 
78.714236 
78.445849 
77.094127 
76.779761 
76.358799 
77.806071 
77.552061 
77.168249 
76.509519 
76.298359 
75.836509 
78.592196 
78.163386 
77.842031 
70.824488 
70.788289 
69.901951 
72.464848 
72.356459 
71.605077 
70.722724 
70.636999 
69.828176 
73.848161 
73.715651 
73.062349 
75.058441 
74.948006 
74.340003 
73.590864 
73.481813 
72.815793 
70.521214 
70.404831 
69.645683 
71.987152 
71.877048 
71.147220 
70.273778 
70.131675 
69.383034 
72.242292 
72.116293 
71.391988 
76.584085 
76.084843 
76.342706 
75.615383 
74.662032 
75.536833 
75.801742 
75.283975 
74.698512 
74.069042 
73.687236 
72.739847 
73.369802 
72.615182 
71.783153 
75.184026 
74.277572 
74.479070 
90.968743 
91.121151 
91.109891 
90.332887 
89.439129 
90.800447 
91.011594 
89.998701 
90.468875 
89.778844 
88.491138 
88.916916 
88.220468 
86.788995 
87.845826 
86.307277 
86.614888 
85.165161 
83.458140 
90.309341 
89.210229 
89.394042 
88.264417 
89.214018 
85.445209 
86.989400 
86.618407 
84.882237 
85.964465 
82.305415 
83.762806 
81.109541 
81.191025 
81.139554 
83.121670 
81.498218 
82.469685 
80.911134 
80.510684 
79.958349 
79.286778 
83.871200 
82.349592 
83.634200 
81.433250 
79.705953 
80.495213 
78.872354 
79.305584 
77.999508 
76.364320 
79.450303 
77.961565 
78.412397 
78.377146 
77.502845 
76.541682 
75.513399 
74.746073 
73.287725 
74.361580 
73.181299 
71.912095 
77.295029 
75.782328 
76.068131 
88.632495 
85.201936 
86.980505 
87.819422 
86.842724 
81.601501 
83.333541 
79.939779 
80.581790 
81.204722 
85.669510 
84.403254 
81.840899 
82.431065 
82.985466 
84.197567 
83.065524 
84.982793 
85.614573 
87.143225 
86.117377 
85.410894 
85.153552 
89.801265 
88.500427 
91.639000 
90.866936 
89.808217 
89.704995 
88.248035 
84.839911 
84.487653 
86.399660 
85.969123 
84.902093 
84.097141 
83.681410 
86.996812 
86.751593 
85.638459 
92.516816 
92.210822 
92.722539 
92.677137 
92.581733 
92.553376 
92.309783 
92.550864 
92.674693 
92.100409 
92.358098 
92.465834 
92.276587 
92.483578 
92.424869 
92.187562 
91.998903 
92.403380 
92.081957 
92.201314 
91.819342 
91.292148 
91.144064 
92.715623 
92.611126 
92.642820 
83.200204 
82.766461 
84.212869 
83.577903 
82.919679 
82.343339 
81.944722 
87.253925 
86.303568 
84.763266 
89.855036 
88.936276 
87.828823 
85.284122 
84.301167 
83.216950 
81.557631 
81.193431 
81.913421 
81.454646 
81.187789 
80.820327 
80.425312 
82.978879 
82.420783 
81.993581 
91.773257 
91.725379 
91.805125 
90.959172 
89.597934 
91.166751 
91.520985 
90.626543 
89.653905 
88.177334 
87.585704 
85.472936 
86.384726 
84.876042 
83.951655 
90.660980 
88.848351 
89.312499 
91.083429 
91.559765 
89.609919 
90.456073 
90.446061 
89.510621 
90.296579 
86.775111 
88.395118 
82.637276 
84.758566 
85.188384 
83.434077 
85.364299 
88.196057 
86.548392 
87.796115 
85.321599 
83.379891 
85.060459 
84.636566 
82.595360 
84.084895 
88.538533 
87.083518 
88.462419 
78.427280 
80.380683 
74.051526 
76.359105 
76.613601 
74.470765 
76.775669 
68.565534 
71.364561 
63.512931 
65.870461 
65.924383 
63.380640 
65.956017 
71.883472 
68.989837 
71.905030 
66.006053 
63.250654 
66.010901 
66.015481 
63.210862 
66.014578 
71.619104 
68.856093 
71.800225 
80.334222 
78.106799 
79.872056 
76.521151 
74.004552 
76.158334 
75.751628 
73.331182 
75.332079 
71.801032 
68.946838 
71.561821 
66.148857 
63.355666 
66.166045 
66.200764 
63.664168 
66.241964 
70.901211 
68.608539 
70.728062 
66.310721 
64.026175 
66.365903 
66.430800 
64.377016 
66.499952 
71.347923 
68.747493 
71.123578 
80.882138 
77.046792 
79.053504 
81.244214 
81.423836 
71.987852 
74.684933 
69.041685 
71.950540 
74.553369 
81.426939 
81.218829 
76.905694 
78.955075 
80.844574 
77.147540 
77.103433 
79.361926 
79.750465 
79.265456 
79.208890 
78.635556 
78.906403 
78.744514 
78.196634 
78.814440 
78.061405 
78.375916 
77.953053 
76.966624 
77.611207 
77.274401 
76.459057 
76.969447 
77.604555 
77.001638 
76.699571 
76.002790 
76.502438 
76.368225 
75.709963 
78.023771 
77.375957 
77.764267 
76.205875 
74.891332 
76.023506 
73.583353 
72.031159 
73.543560 
73.523632 
72.117703 
73.519343 
70.348743 
68.603989 
70.362107 
66.625080 
64.718210 
66.724601 
66.843689 
65.088160 
66.992221 
70.641658 
69.166862 
70.819080 
67.168923 
65.549015 
67.395752 
67.668251 
66.174709 
67.985839 
70.427401 
68.799001 
70.519297 
74.941279 
74.215740 
73.416830 
72.539476 
73.431084 
73.449419 
72.646834 
71.308823 
70.184122 
71.463796 
68.314821 
66.981312 
68.674285 
69.013980 
67.827724 
69.318030 
71.782532 
70.897523 
69.572039 
68.526777 
69.790489 
69.973258 
69.027994 
71.596876 
70.601508 
71.698602 
75.888302 
73.564113 
74.750723 
75.725333 
75.548707 
70.999892 
72.290241 
69.664463 
71.168331 
72.434645 
75.356315 
75.190692 
73.484278 
74.326764 
75.048463 
73.557534 
73.528520 
74.569407 
91.743602 
90.353281 
91.175308 
91.817252 
91.797918 
87.676738 
89.168742 
83.896498 
85.873274 
87.392904 
86.986098 
88.650990 
91.675953 
91.448036 
89.709448 
89.224745 
90.508268 
91.059512 
90.426857 
90.248104 
90.032266 
91.071145 
79.354557 
81.483691 
74.943176 
77.154529 
78.777888 
78.203390 
80.211276 
70.562866 
72.668866 
68.537094 
70.432697 
72.176658 
77.638169 
77.126852 
78.940078 
73.859224 
75.330927 
76.649863 
77.761802 
74.507732 
74.143657 
76.171006 
89.156039 
87.382983 
85.553105 
83.895508 
85.601545 
85.131327 
83.146344 
81.978294 
80.808382 
82.280992 
78.770745 
79.371150 
79.738279 
79.914976 
81.700398 
80.772928 
79.977877 
80.027209 
80.150314 
82.298915 
80.987635 
82.048959 
83.244035 
81.782145 
82.523106 
84.822975 
86.205977 
80.258030 
81.003576 
79.507961 
81.298425 
83.147674 
87.441335 
88.385538 
85.184468 
87.179067 
89.011495 
83.144092 
84.309175 
85.337911 
61.436444 
56.945693 
59.372775 
61.249848 
61.065905 
51.167798 
53.950699 
46.801935 
48.813620 
50.632528 
50.246494 
52.942676 
60.857756 
60.705901 
55.577404 
55.341873 
58.126780 
60.594757 
60.559583 
56.394638 
55.921117 
58.689144 
43.862801 
44.957195 
42.601404 
43.132607 
43.190497 
42.640331 
43.635848 
41.806393 
42.160966 
41.256344 
41.504438 
41.227620 
40.722006 
41.050695 
42.205858 
41.955981 
43.042654 
41.012229 
40.688288 
41.217884 
41.925565 
42.177545 
43.461041 
41.986668 
41.450809 
41.958012 
60.505698 
60.656640 
55.155191 
55.464640 
58.026883 
60.877809 
61.149761 
50.121142 
50.599382 
52.937145 
45.847121 
46.476622 
48.430778 
51.190467 
51.860167 
53.991797 
61.434347 
61.732289 
56.800062 
57.296506 
59.475502 
62.020182 
62.296683 
55.832288 
56.287658 
58.685443 
45.992862 
44.945538 
45.357509 
47.641742 
49.764374 
44.869307 
44.760371 
45.240082 
47.337799 
49.672705 
52.337128 
55.082779 
52.294007 
55.019708 
57.818148 
46.981227 
49.486331 
49.520593 
40.876152 
40.979960 
40.888737 
40.842245 
40.356661 
39.961299 
39.944616 
41.309477 
41.041534 
42.407161 
41.742578 
41.166176 
41.263158 
40.683236 
39.703744 
39.621194 
39.424599 
40.275027 
40.527389 
39.970815 
39.765255 
40.252460 
39.685025 
40.517125 
40.299701 
40.069493 
45.315094 
43.622770 
50.635035 
47.603535 
47.072335 
49.751651 
46.665527 
57.071026 
54.683838 
58.016448 
57.944449 
57.968687 
58.149771 
58.010733 
53.911120 
56.998268 
53.857269 
58.064681 
58.356231 
58.139623 
58.229155 
58.617925 
58.334112 
54.321382 
56.973432 
54.048375 
41.452607 
43.642683 
41.801144 
45.852140 
49.568749 
46.207609 
46.751825 
50.889247 
47.491605 
53.858958 
57.377191 
54.262680 
58.437685 
58.917096 
58.570428 
58.714808 
59.242186 
58.870676 
55.832603 
58.313569 
56.399060 
59.037307 
59.590886 
59.215137 
59.404490 
59.971107 
59.606064 
54.694165 
57.812362 
55.230326 
42.893220 
46.110013 
44.048724 
42.296113 
41.833707 
53.675350 
49.163447 
57.109262 
53.666561 
48.992689 
41.480208 
41.288085 
45.559731 
42.978861 
41.260231 
45.749209 
45.555306 
43.132926 
62.701687 
62.959709 
59.389193 
59.821082 
61.316253 
63.225362 
63.500643 
56.719263 
57.369639 
58.480976 
54.930704 
55.993936 
56.514889 
58.101885 
58.927833 
59.684031 
63.822903 
64.162667 
61.319960 
61.912351 
62.929259 
64.556928 
65.000537 
60.263609 
60.760675 
62.052655 
54.541045 
56.340422 
55.907735 
56.237323 
58.205122 
57.199318 
58.100412 
59.497421 
58.964806 
58.658148 
59.760120 
59.101378 
59.945463 
60.401870 
60.190511 
60.462093 
60.915383 
60.761864 
60.564576 
61.342581 
61.120277 
61.112837 
61.559099 
61.497244 
61.939568 
62.393366 
62.442029 
59.552097 
60.469904 
60.038333 
65.606806 
66.112326 
64.252421 
64.845219 
65.402189 
66.607647 
67.055569 
63.531602 
64.058789 
64.406166 
63.103131 
63.479097 
63.759846 
64.498053 
64.852345 
65.304750 
67.467670 
67.795849 
66.200622 
66.490878 
67.119322 
68.072039 
68.297432 
65.367587 
65.821388 
66.399978 
57.227991 
59.855008 
58.586783 
58.546341 
59.867984 
61.825560 
60.959182 
62.533168 
62.630907 
62.779269 
61.268683 
62.670057 
63.041974 
63.473922 
64.126540 
60.840450 
61.903237 
60.908148 
40.605447 
39.626684 
40.055892 
40.321814 
40.144347 
39.186136 
39.319638 
39.639809 
39.260807 
39.144689 
39.408956 
39.264686 
40.102799 
40.299535 
39.601060 
40.269012 
40.138991 
40.951458 
42.353161 
39.419208 
39.378289 
39.685401 
42.583570 
40.739183 
48.615111 
45.260002 
43.927936 
45.661240 
43.376275 
57.175316 
53.308962 
59.000300 
57.935758 
56.329155 
47.742457 
49.957834 
47.550997 
54.368640 
52.961117 
52.275837 
52.206570 
50.311117 
52.325321 
48.542707 
44.843993 
47.343156 
47.061080 
49.573789 
48.408867 
50.011836 
52.696877 
49.697462 
52.093774 
50.831233 
52.682052 
53.438550 
54.452013 
55.662865 
55.445175 
57.991972 
57.123916 
58.691960 
60.431206 
52.144614 
54.685441 
53.691532 
40.132379 
43.204302 
41.350657 
40.037166 
40.319564 
47.835569 
45.485487 
50.271024 
48.592720 
47.074422 
40.957156 
41.892781 
45.600711 
44.307188 
43.183025 
43.644414 
44.473049 
42.100768 
57.334324 
52.095997 
55.410309 
57.411650 
57.531949 
46.750466 
48.892969 
43.891642 
45.085560 
46.517743 
46.430253 
48.782099 
57.680147 
57.867196 
52.551266 
53.052890 
56.273483 
58.075079 
58.297923 
52.053916 
52.196788 
55.659618 
42.422718 
42.970011 
41.848974 
42.058934 
41.939517 
41.554879 
42.120415 
41.803322 
41.764157 
42.203630 
41.951271 
41.310560 
40.903936 
40.865360 
41.266417 
41.114709 
41.741698 
40.644486 
40.466503 
40.702259 
41.121090 
41.347355 
42.069600 
41.354210 
40.947011 
41.170888 
58.530235 
58.768056 
55.248036 
56.178441 
57.999108 
59.004485 
59.236630 
48.263140 
49.467517 
52.944758 
43.981027 
44.856091 
46.769394 
51.083342 
52.995326 
55.825333 
59.470443 
59.697240 
58.475033 
59.023133 
59.517688 
59.925432 
60.155912 
57.029733 
57.805691 
58.820831 
43.410163 
42.821900 
43.046717 
44.441487 
46.302202 
42.878478 
42.743692 
43.270242 
45.010912 
47.281956 
49.218115 
53.586618 
50.515096 
54.334897 
57.094899 
44.263073 
46.710168 
46.399524 
43.311620 
42.793169 
44.704165 
43.947913 
43.201383 
43.268026 
42.542895 
46.697745 
45.633344 
49.295779 
47.941965 
47.322986 
48.394897 
46.787716 
43.646375 
44.591152 
43.314358 
46.372807 
48.024320 
46.200824 
46.287639 
48.731548 
46.664882 
44.872408 
45.354505 
44.188004 
52.602408 
50.881928 
57.237243 
54.823932 
54.917934 
57.594230 
55.152055 
61.259574 
59.471197 
62.865828 
63.151641 
63.484977 
60.124817 
62.413741 
60.499629 
63.852888 
64.277329 
64.738323 
65.226690 
59.600596 
61.721112 
59.814165 
52.531410 
56.153455 
53.556350 
57.778376 
60.616667 
58.511336 
59.244401 
61.834090 
59.945568 
61.981444 
64.378083 
62.571372 
65.691652 
66.159899 
66.577778 
66.934202 
64.070720 
65.974907 
64.443658 
67.224951 
67.466006 
67.664030 
67.831552 
63.112862 
65.303390 
63.617034 
50.538789 
55.315900 
52.516354 
50.279826 
50.166868 
60.894811 
58.277677 
63.330531 
61.397257 
59.323818 
50.252529 
50.665815 
56.937380 
54.299492 
51.439890 
55.701046 
56.249153 
52.907949 
60.526477 
60.785899 
60.897359 
61.281031 
61.062008 
61.068400 
61.378143 
61.141540 
61.707181 
61.487338 
61.532405 
62.322855 
61.976819 
62.298580 
62.923939 
62.510101 
61.733278 
62.124999 
62.630477 
63.164928 
62.648430 
62.571805 
63.076821 
61.692293 
62.140588 
61.773794 
62.303324 
63.374670 
62.802432 
63.665870 
64.932194 
64.081201 
64.459922 
65.545493 
64.774120 
65.694894 
67.026971 
65.936990 
68.050407 
68.178910 
68.305283 
68.429200 
66.656538 
67.732752 
66.826200 
68.566485 
68.688796 
68.799723 
68.880894 
66.177077 
67.391973 
66.425372 
63.707884 
64.355897 
65.352128 
66.140639 
65.239615 
65.075968 
65.856480 
67.123823 
68.019180 
67.077344 
68.968782 
68.966023 
68.927402 
68.854621 
66.709110 
67.582814 
68.761715 
68.634826 
68.482423 
66.987170 
67.868789 
66.866369 
63.169271 
64.998681 
64.065571 
63.447953 
63.642196 
66.979143 
65.992488 
67.978842 
67.077963 
66.199143 
63.771806 
63.820418 
65.344564 
64.552602 
63.800742 
65.179838 
65.294312 
64.436093 
41.897604 
41.696284 
41.711232 
41.171271 
40.656188 
42.831782 
41.982508 
46.782268 
44.460283 
42.814331 
43.191559 
41.687589 
40.377000 
40.407540 
40.992188 
41.602458 
40.716383 
40.822374 
41.762518 
41.104270 
40.844064 
40.585256 
54.770925 
50.968387 
60.682558 
58.019175 
56.053851 
57.332822 
54.201408 
64.889531 
62.996253 
66.560891 
65.296867 
64.077639 
58.666606 
59.982224 
57.633551 
62.900529 
61.956912 
61.246844 
60.772169 
61.453187 
62.181566 
59.959324 
43.764107 
46.477709 
48.664311 
53.057270 
49.299773 
50.780780 
55.528819 
56.303867 
58.767560 
56.517735 
60.440519 
60.295174 
60.244072 
60.254928 
58.482066 
59.710856 
60.298211 
60.320647 
60.288296 
56.988709 
59.204835 
57.725220 
48.037652 
52.036381 
49.895162 
45.773947 
44.254013 
56.770571 
54.432398 
58.882904 
56.332500 
52.758362 
43.298154 
42.890394 
48.355527 
45.008803 
43.005414 
50.288436 
49.008421 
46.095727 
