45.973075 
46.744003 
59.905772 
49.210657 
50.896076 
45.339517 
47.877045 
59.108215 
52.311863 
48.117087 
52.394191 
49.618517 
60.615976 
62.797574 
49.782813 
40.826713 
42.186672 
47.870138 
47.065732 
51.497668 
49.996135 
49.140502 
54.313944 
51.423049 
59.418339 
60.815122 
55.478911 
59.007286 
56.062047 
49.841244 
52.948931 
52.979482 
47.309532 
50.716944 
50.774556 
54.979573 
50.003014 
49.763229 
53.605617 
49.451247 
60.053536 
55.672512 
61.724392 
49.126879 
50.758424 
53.352760 
44.841045 
43.693486 
57.283782 
49.404252 
43.350389 
45.862601 
43.552902 
51.546727 
45.241875 
45.347575 
44.419354 
43.454927 
48.824986 
48.703664 
56.804160 
43.384010 
46.410337 
55.380465 
44.792164 
45.297707 
46.599109 
47.079392 
46.970675 
47.464429 
47.424689 
47.189162 
51.562151 
54.974964 
51.719237 
48.399585 
49.323163 
48.284811 
50.111933 
52.041262 
50.883100 
53.251045 
57.053434 
56.926037 
56.263193 
57.670080 
53.524618 
60.134405 
60.460991 
60.480793 
59.588153 
60.516244 
58.191733 
51.294149 
57.919650 
57.581563 
59.649946 
58.768544 
59.959398 
60.263479 
57.608429 
55.984511 
53.892913 
54.284786 
57.143611 
50.774319 
51.799488 
50.271318 
48.841303 
48.961900 
54.570579 
52.667214 
51.554247 
48.197419 
47.639654 
48.181549 
48.075772 
47.040143 
47.826815 
58.010526 
52.929479 
57.323425 
48.423895 
47.808069 
48.584277 
48.564980 
53.741205 
59.507661 
59.478731 
49.642968 
49.031880 
50.329377 
50.288804 
50.021720 
49.778370 
49.925204 
60.997737 
58.448655 
61.185071 
50.115933 
49.518441 
50.590589 
51.124011 
49.362266 
51.394157 
49.838579 
50.568333 
55.397592 
50.211198 
51.009227 
49.320978 
49.234820 
61.174281 
63.102865 
63.053857 
49.568114 
49.475873 
49.763884 
49.042934 
48.560811 
61.091509 
53.967876 
61.051466 
48.023385 
47.533459 
46.887163 
46.179393 
49.201166 
48.592777 
57.935110 
46.316667 
45.046757 
48.195982 
47.610430 
44.513609 
42.694064 
42.016160 
52.472592 
50.091335 
58.989658 
56.477049 
54.153427 
53.919628 
50.948618 
41.787227 
43.069170 
41.395934 
46.200863 
47.126558 
45.025297 
44.808609 
45.399191 
44.986226 
45.695888 
45.059267 
42.832576 
57.767058 
51.039890 
53.790531 
56.216666 
52.971898 
48.001731 
48.549745 
46.255545 
47.164687 
45.666015 
43.628696 
43.991612 
47.398551 
45.727891 
42.785163 
41.996249 
43.698461 
45.038427 
44.892759 
46.683761 
43.641764 
46.988891 
46.690582 
57.606183 
54.488484 
44.584377 
42.362677 
59.707110 
59.309015 
48.990401 
51.339029 
50.346063 
48.340597 
48.813811 
41.172444 
43.071155 
47.576486 
47.230406 
46.418585 
45.289368 
45.663227 
53.980787 
46.888524 
42.857487 
50.159615 
60.793741 
60.529012 
48.051199 
47.609273 
51.316970 
58.879524 
45.110272 
43.177958 
41.073626 
47.078396 
46.235443 
41.209076 
44.043937 
45.408501 
51.331262 
42.085210 
45.914601 
46.313205 
46.270022 
46.065092 
46.845981 
46.660301 
46.467827 
47.073680 
48.700825 
48.414414 
47.268604 
47.079016 
46.876053 
47.663484 
47.530989 
47.297903 
47.280940 
48.536476 
48.695531 
50.982739 
52.726127 
51.222455 
51.716583 
54.359404 
53.824139 
53.485457 
53.757463 
51.963395 
47.134217 
48.912987 
48.923527 
48.117747 
48.275478 
47.945490 
48.736874 
49.161856 
48.681325 
48.749185 
49.866241 
49.229038 
49.608820 
50.401568 
49.782967 
50.576992 
51.363311 
50.980466 
51.594306 
53.016277 
52.519761 
52.317794 
55.154046 
54.565395 
53.990168 
55.754266 
55.603471 
57.092030 
58.147432 
58.285206 
50.072397 
51.730022 
50.762824 
54.321145 
54.897232 
52.830751 
58.039099 
58.676715 
56.906951 
55.652595 
56.573537 
54.401177 
60.118700 
60.494110 
60.007721 
59.731441 
59.907050 
60.366876 
60.706402 
60.749416 
60.762355 
57.739978 
58.914276 
56.768750 
60.593173 
60.719685 
60.281213 
59.869803 
60.240192 
59.395041 
59.439930 
60.138254 
58.623614 
47.774519 
51.139118 
48.735624 
48.560187 
51.523774 
57.426323 
55.037404 
58.879571 
59.324642 
59.385097 
55.352950 
56.493135 
58.661902 
57.351996 
55.611195 
55.269733 
58.053142 
55.483265 
60.016330 
59.688951 
60.532070 
60.305489 
59.207746 
58.057314 
57.410284 
60.583334 
60.647088 
59.660146 
60.263407 
60.267828 
59.815551 
59.691732 
56.812950 
55.800225 
54.886418 
58.378043 
57.636211 
56.743320 
54.928098 
54.218690 
53.065098 
60.018573 
59.237947 
58.648975 
57.222257 
58.288767 
54.562954 
55.961772 
55.791655 
53.664743 
55.412256 
52.140756 
53.126724 
50.971719 
51.442470 
51.177191 
50.361409 
50.648438 
51.153198 
49.546926 
50.472386 
49.941766 
49.314554 
49.306511 
48.747292 
48.442644 
48.304624 
52.811823 
51.115315 
52.058890 
53.430924 
53.128855 
51.885415 
54.953613 
53.023383 
54.132696 
52.867538 
51.880535 
51.353245 
50.111156 
48.179963 
50.227759 
47.810438 
47.853809 
47.582337 
47.404915 
47.461989 
47.271895 
49.737865 
48.009793 
49.286023 
47.135011 
47.172172 
47.033832 
46.922083 
46.902435 
46.798889 
50.326352 
48.165958 
50.155904 
58.822562 
55.764756 
57.572716 
59.190007 
59.115347 
50.097830 
52.764804 
48.430136 
50.098403 
53.103537 
58.184578 
56.807486 
55.931502 
56.083187 
55.140075 
55.991559 
56.183090 
58.042854 
47.552150 
47.374726 
47.736102 
47.663712 
48.194439 
49.812417 
49.967148 
47.928945 
47.841542 
48.217159 
48.054222 
48.562818 
49.314154 
49.405386 
54.836154 
58.334049 
58.207135 
52.152522 
55.498011 
57.482067 
59.894968 
60.672853 
60.149377 
48.548394 
49.498810 
49.685546 
48.882226 
48.570668 
49.689240 
49.266559 
49.315851 
49.671306 
49.447649 
50.485736 
50.157285 
50.567842 
50.641109 
50.397611 
50.148074 
50.218085 
49.905562 
49.957101 
49.927330 
50.063967 
49.881822 
49.952511 
49.862057 
49.690632 
49.796530 
50.002654 
50.129591 
49.923958 
61.304879 
61.425809 
60.970470 
58.420924 
56.177726 
60.381792 
61.115505 
59.713384 
61.087462 
51.070857 
50.322523 
51.715943 
49.746758 
49.561791 
49.750179 
49.780091 
49.483873 
49.833531 
55.261612 
51.322261 
56.173080 
49.874792 
49.412901 
49.925217 
49.941418 
49.295293 
49.924037 
52.842716 
50.901291 
54.224924 
48.739259 
49.688882 
49.257890 
49.235223 
50.181974 
50.075938 
50.008407 
49.959136 
50.453870 
51.593504 
53.581733 
58.335761 
55.388210 
59.240203 
60.764864 
50.379076 
51.883121 
51.273213 
48.873719 
48.732835 
49.145534 
49.012294 
50.863118 
57.893661 
58.354373 
49.347384 
49.261171 
49.466608 
49.411825 
49.218816 
49.796217 
51.482809 
61.859381 
63.019956 
62.747584 
59.242215 
61.202083 
62.626691 
63.406166 
63.382125 
63.045664 
49.622296 
54.387630 
56.806318 
49.626921 
49.556693 
49.805543 
49.710962 
49.515594 
49.334989 
49.335399 
50.090898 
49.942775 
50.296664 
49.899760 
49.483080 
49.072883 
48.779658 
48.862917 
49.056523 
48.730724 
48.454967 
48.230651 
49.646273 
49.384008 
49.340343 
62.648058 
61.446789 
62.228374 
57.065776 
52.686133 
58.518543 
58.958388 
54.251286 
58.500167 
47.957333 
47.801418 
47.993303 
47.944529 
47.773089 
47.592565 
47.401072 
48.344108 
46.562958 
47.946199 
47.147879 
46.889139 
46.571784 
46.189697 
48.358717 
47.216322 
48.591743 
49.417152 
49.153644 
49.318697 
49.254913 
51.060357 
48.612571 
48.886561 
48.295380 
48.286246 
49.057658 
58.154657 
61.642979 
55.370079 
60.440480 
62.763245 
48.997117 
51.164136 
52.121602 
45.820242 
45.558731 
47.931377 
46.781511 
45.466136 
44.927624 
44.422430 
49.639932 
49.021152 
50.259212 
49.936140 
47.888559 
46.309670 
46.138817 
44.120955 
43.242609 
42.872332 
44.712789 
43.719852 
43.548954 
42.370171 
41.678926 
41.274268 
47.096860 
45.915126 
45.535944 
51.816980 
51.062618 
53.985696 
52.800552 
51.135164 
50.946645 
49.487671 
57.338139 
55.654956 
59.502490 
58.856767 
58.228567 
58.289445 
57.510836 
51.523688 
52.749256 
50.021050 
56.387641 
55.839638 
54.975328 
52.967619 
51.758595 
50.768724 
54.299052 
55.367945 
52.898404 
41.235776 
41.499286 
40.834378 
42.462132 
43.109867 
42.264636 
42.234759 
43.217736 
42.423134 
44.579781 
45.450995 
44.195141 
48.038761 
48.239271 
46.870622 
46.084097 
46.361253 
45.607001 
44.232175 
44.862127 
44.434543 
45.340504 
45.561811 
45.233215 
45.218325 
45.330443 
45.268043 
44.003061 
44.822324 
44.040542 
48.898475 
47.129611 
47.802045 
46.738397 
44.980673 
47.500007 
46.995206 
48.081236 
45.575468 
43.892658 
43.565637 
42.672378 
42.739690 
42.189570 
41.860323 
44.996581 
43.531299 
43.926705 
59.311252 
56.666771 
58.256271 
58.832093 
58.189606 
53.607148 
54.920446 
51.570265 
52.479424 
52.277187 
50.949921 
52.676714 
57.091257 
55.612240 
54.021006 
52.900832 
54.912843 
53.596424 
51.435054 
55.750903 
54.858935 
57.091598 
50.031117 
50.507779 
49.506600 
49.755848 
48.135316 
46.554952 
46.694795 
47.592919 
48.680338 
46.541108 
46.645150 
46.428429 
45.835803 
46.101852 
45.475314 
44.813199 
44.577298 
45.553578 
44.481885 
44.821259 
43.958781 
42.813990 
43.172873 
47.771318 
46.516512 
46.592499 
48.682535 
47.433460 
45.871239 
45.181396 
46.393724 
46.536918 
45.947175 
43.389035 
43.086293 
43.967844 
42.429776 
41.879592 
42.405986 
42.812613 
42.570331 
43.528007 
45.546965 
45.337835 
44.353818 
44.304977 
44.909524 
45.232726 
45.220974 
44.709825 
44.458181 
45.281231 
49.553888 
45.561984 
47.412167 
48.880720 
48.685891 
43.601322 
44.212870 
43.060109 
43.144976 
43.718391 
49.314446 
50.169189 
45.315159 
47.466807 
49.725345 
44.727914 
44.644266 
46.393082 
47.063966 
50.003850 
47.336656 
46.535897 
45.792279 
57.852288 
55.450200 
59.378297 
58.811909 
56.659164 
54.602444 
52.155517 
44.769530 
43.794305 
45.933936 
44.090063 
43.416186 
42.839727 
42.054706 
49.618615 
48.091620 
45.775922 
60.442108 
60.067289 
60.233599 
60.646421 
59.726602 
58.628088 
58.402957 
51.495767 
56.916340 
49.108777 
49.866771 
49.763028 
48.855624 
49.595856 
54.737706 
49.513736 
52.165134 
49.396973 
48.532908 
49.130392 
48.828058 
48.122069 
48.498228 
57.321499 
51.057937 
56.635517 
41.393628 
41.489670 
41.794741 
43.131238 
41.820794 
42.129238 
43.189672 
45.730519 
47.018391 
45.384106 
47.932381 
47.575590 
47.509736 
47.027766 
46.835327 
46.523079 
44.342439 
44.991995 
45.983414 
46.000165 
45.583637 
45.324764 
45.442110 
44.887486 
45.787844 
44.509406 
58.479940 
55.755336 
57.284443 
56.082097 
51.850102 
48.391764 
52.310677 
48.200884 
46.158325 
44.055462 
45.220206 
42.193467 
42.134016 
41.289996 
41.294535 
50.334443 
44.629818 
47.625603 
48.591109 
58.319039 
50.938320 
48.461817 
48.379458 
62.124373 
61.464242 
62.079399 
62.216108 
60.922558 
58.969770 
58.760729 
48.289697 
48.211966 
51.942654 
48.673879 
47.560098 
48.070702 
47.874843 
57.704817 
55.637103 
49.159626 
60.523250 
61.474505 
53.195068 
58.237915 
56.444496 
47.913057 
52.313149 
45.716937 
47.346055 
45.703873 
45.061278 
44.274771 
43.478433 
42.077254 
42.216084 
43.286897 
42.351086 
41.414869 
40.698399 
46.416560 
44.259861 
44.969977 
47.476650 
47.151868 
46.460615 
45.949544 
46.672961 
46.770476 
46.366332 
43.268226 
42.683983 
44.596728 
40.478081 
41.159985 
42.432236 
43.702930 
45.938668 
45.616072 
44.658214 
45.150482 
45.391202 
45.396743 
44.949308 
45.778727 
60.167679 
47.757421 
55.978760 
57.840783 
54.339157 
40.981307 
42.634939 
40.322831 
41.258374 
43.546966 
48.825435 
46.816509 
45.876966 
46.936011 
47.527941 
44.355939 
44.176409 
46.882371 
46.151044 
46.083375 
45.934708 
46.461888 
46.354475 
46.223106 
46.171002 
46.481172 
46.416543 
46.726623 
46.600745 
46.481502 
46.958584 
46.826650 
46.715772 
46.563663 
46.694477 
46.642029 
47.039289 
47.760148 
47.656873 
47.083804 
47.816899 
47.811900 
48.595490 
49.496021 
49.208626 
46.369913 
46.594001 
46.541841 
47.168665 
47.047060 
46.941548 
47.366773 
47.256079 
47.151845 
46.976231 
47.007752 
46.929106 
47.562877 
47.470733 
47.363404 
47.767696 
47.697536 
47.581968 
47.411502 
47.412348 
47.299678 
47.229622 
47.736484 
47.757750 
47.345404 
47.731737 
47.726444 
48.619247 
49.869613 
49.976560 
47.186447 
47.194509 
47.097083 
50.535658 
51.376003 
50.697471 
51.326481 
52.430666 
51.962160 
52.019608 
52.410218 
51.542731 
51.690489 
53.013166 
52.793888 
51.648743 
53.100294 
53.114239 
54.162036 
55.009456 
54.545724 
52.627083 
52.752223 
51.839785 
54.275813 
54.463446 
53.633858 
52.873000 
53.019399 
52.117416 
53.341236 
53.945821 
53.223083 
46.767930 
47.158751 
46.847252 
46.769418 
47.109907 
48.818563 
47.816670 
50.135393 
50.230371 
50.255431 
47.865723 
48.842277 
50.185109 
50.043354 
49.810906 
47.850083 
48.944125 
47.868412 
47.993156 
48.023334 
47.888191 
48.252612 
48.329372 
48.170320 
48.103272 
48.251533 
48.067649 
48.560464 
48.699993 
48.508661 
48.930049 
49.140487 
48.911066 
48.910640 
49.216090 
48.940993 
48.504095 
48.902459 
48.646261 
49.021918 
49.518849 
49.193913 
49.527049 
50.464877 
50.133390 
48.468671 
48.688556 
48.458493 
49.367564 
49.681248 
49.415384 
49.859490 
50.239097 
49.959432 
50.090951 
50.610861 
50.265363 
50.355501 
50.758508 
50.513731 
50.761860 
51.108413 
50.962342 
51.204993 
51.670540 
51.498463 
51.259413 
52.008565 
51.643160 
51.862383 
52.486915 
52.297788 
52.824185 
53.630024 
53.442088 
50.706385 
51.254173 
50.950077 
51.853746 
53.388106 
52.994955 
52.793060 
54.177818 
53.790744 
54.868455 
56.087007 
55.896138 
53.660244 
54.792361 
54.519965 
54.214672 
55.036089 
54.969960 
55.727817 
56.432310 
56.438890 
57.028794 
57.715954 
57.699723 
57.104146 
57.620853 
57.691892 
58.236228 
58.643164 
58.740911 
55.409776 
56.383507 
56.261707 
49.462125 
50.478245 
49.898997 
49.544894 
49.683718 
52.160169 
51.241112 
53.192098 
52.831997 
52.392406 
49.916129 
50.296111 
51.900172 
51.400336 
50.914475 
50.793804 
51.249285 
50.343856 
53.322365 
53.573962 
52.549515 
55.304275 
55.585811 
54.589881 
53.869604 
54.207905 
53.155609 
57.182786 
57.494454 
56.569859 
58.797986 
59.096244 
58.350856 
57.832376 
58.192944 
57.274026 
54.595713 
55.023653 
53.939096 
56.683871 
57.126034 
56.093061 
55.499632 
56.022006 
54.913568 
55.917408 
56.284001 
55.254470 
59.863677 
60.120423 
59.722977 
60.197384 
60.363960 
60.326542 
60.345137 
60.529799 
60.263736 
59.968680 
60.085832 
60.269967 
59.442027 
59.533679 
59.835394 
60.168002 
60.217895 
60.429437 
60.672806 
60.764771 
60.649236 
60.624948 
60.636654 
60.747231 
60.809138 
60.806261 
60.817618 
60.488881 
60.575338 
60.621840 
56.634971 
57.255229 
56.098375 
58.745902 
59.261102 
58.332640 
57.906989 
58.555548 
57.476976 
60.208978 
60.451379 
59.984054 
60.776379 
60.783866 
60.699270 
60.591525 
60.628790 
60.459315 
59.161689 
59.638454 
58.856091 
60.304412 
60.385874 
60.134459 
59.948860 
60.080300 
59.749130 
59.726070 
60.084483 
59.449426 
59.436984 
60.072007 
59.766865 
59.058891 
58.620548 
60.556110 
60.343790 
60.702750 
60.404311 
59.881214 
58.135641 
57.639113 
59.117500 
58.185837 
57.134245 
59.806524 
59.481607 
59.051690 
47.727100 
48.007056 
47.820011 
47.602488 
47.582059 
48.934488 
48.357943 
51.212440 
49.867099 
49.720227 
51.181453 
49.682940 
47.825496 
48.539815 
49.724084 
51.424075 
49.796436 
49.857175 
51.556848 
48.118787 
48.609483 
47.942725 
54.763289 
53.143159 
57.169225 
56.123487 
56.384151 
57.684621 
56.658048 
58.591937 
57.988071 
59.066679 
59.358873 
59.604511 
58.717338 
59.417456 
58.834465 
59.786295 
59.862316 
59.798368 
59.562792 
58.251141 
59.130414 
58.503185 
53.556939 
54.917002 
56.681461 
57.099029 
56.250220 
55.689251 
55.780065 
58.197754 
58.071353 
57.662490 
59.055409 
58.438103 
57.683637 
56.843029 
55.343723 
54.699111 
55.905701 
54.967032 
53.997465 
56.983413 
56.514895 
56.198362 
53.137202 
56.782039 
55.146610 
53.228248 
53.368840 
58.813475 
58.041218 
59.140480 
58.610636 
57.910651 
53.517525 
53.618082 
56.880618 
55.486028 
53.640665 
56.921163 
56.967513 
55.410844 
60.048045 
59.883215 
60.339689 
60.200318 
59.856504 
59.501417 
59.313399 
60.576638 
60.467237 
60.729575 
60.666015 
60.428217 
60.183612 
60.030335 
58.985063 
58.377814 
58.110646 
59.431467 
58.928852 
58.652488 
57.728693 
57.087467 
56.718621 
60.166070 
59.858713 
59.680850 
60.745965 
60.758695 
60.564784 
60.683806 
60.641254 
60.493942 
60.481676 
60.120795 
60.374841 
59.411580 
59.796281 
59.997675 
59.848952 
60.125752 
60.298627 
60.065940 
59.997177 
60.158041 
59.960523 
60.058701 
59.795775 
59.497642 
59.358225 
60.459295 
60.323756 
60.444038 
56.428161 
55.862204 
55.450660 
57.209012 
56.722817 
56.288955 
55.336471 
54.854499 
54.367944 
58.002004 
57.590503 
57.163125 
58.720593 
58.373340 
58.000121 
57.198683 
56.831571 
56.350248 
54.405139 
54.003239 
53.459148 
55.456588 
55.110609 
54.556364 
53.638320 
53.312966 
52.710046 
56.270757 
55.847781 
55.345942 
60.609056 
60.163745 
60.418759 
60.315017 
59.842999 
59.491827 
59.845157 
59.111524 
58.809872 
58.476143 
59.170268 
58.350069 
58.121263 
57.767313 
57.419110 
59.649278 
58.952440 
59.419214 
58.240904 
58.727659 
57.177298 
57.724432 
57.770446 
57.205424 
57.770755 
55.917400 
56.566487 
54.511698 
55.219968 
55.271617 
54.480480 
55.204427 
56.493129 
55.617186 
56.369832 
55.045002 
54.002547 
54.813004 
54.541059 
53.303682 
54.256041 
56.618603 
55.917068 
56.588077 
53.138170 
53.752999 
52.147557 
52.600564 
52.592145 
52.021318 
52.461079 
51.446895 
51.760061 
50.968283 
51.185302 
51.185489 
50.905404 
51.107082 
51.453875 
50.937487 
51.185426 
50.954657 
50.588516 
50.742589 
50.485042 
50.107671 
50.200636 
51.758189 
51.352204 
51.653320 
51.939251 
50.790072 
51.629095 
50.613583 
49.895463 
50.229958 
49.882485 
49.234327 
49.583336 
50.063569 
49.616267 
49.709626 
49.874202 
49.573901 
49.578377 
49.292809 
49.069196 
49.026455 
48.791296 
48.513161 
48.554790 
48.774312 
48.632401 
48.551275 
48.348798 
48.271294 
48.168086 
49.374965 
49.013856 
49.066519 
53.807829 
52.247682 
53.034379 
53.717722 
53.498670 
50.843661 
51.493522 
50.302926 
50.459373 
50.697641 
53.175607 
52.784794 
51.066184 
51.605776 
52.360945 
51.915757 
51.508877 
52.472808 
52.889630 
52.667145 
52.118661 
54.005205 
53.870196 
53.260387 
52.487692 
52.355315 
51.696847 
54.988684 
54.605198 
54.411850 
54.233250 
53.046797 
54.135757 
53.915113 
52.898989 
53.574800 
52.249104 
52.136880 
51.451631 
53.100325 
52.326455 
52.536442 
51.878598 
51.338981 
51.152376 
53.748062 
53.544217 
53.020003 
51.515810 
50.183921 
51.566708 
48.956821 
48.182798 
49.004442 
49.046478 
48.181711 
49.077694 
47.855045 
47.688550 
47.770471 
47.926666 
47.978478 
47.790392 
47.667686 
47.741409 
47.557916 
47.608335 
47.334782 
47.579633 
47.456413 
47.546999 
47.366237 
47.282978 
47.383262 
47.205979 
47.705348 
47.487843 
47.652289 
50.432320 
49.545993 
50.052440 
48.890995 
48.055778 
48.815510 
48.693385 
47.934397 
48.527027 
47.447918 
47.084505 
47.422468 
47.127134 
47.239569 
47.057997 
46.990544 
47.106124 
46.924147 
47.288492 
46.864479 
47.224466 
46.855788 
46.972801 
46.787109 
46.714844 
46.827021 
46.637968 
47.393055 
46.980103 
47.348452 
51.652296 
49.132165 
50.300957 
51.663433 
51.596821 
47.541650 
48.180830 
47.202366 
47.498304 
48.132139 
51.426186 
51.182225 
49.018024 
49.976919 
50.846388 
49.129061 
49.090803 
50.271611 
59.024498 
58.027261 
58.567277 
59.280031 
59.483802 
56.549017 
57.350819 
54.375794 
55.558723 
56.759974 
56.995509 
57.803004 
59.614234 
59.628988 
58.665142 
58.734887 
59.226035 
59.490578 
59.176009 
58.260865 
58.484887 
59.038632 
51.425791 
52.798695 
49.300430 
50.215918 
51.353273 
51.380747 
52.823065 
48.259719 
48.651206 
48.032711 
48.029048 
48.285562 
51.458774 
51.531484 
53.037061 
48.989504 
50.116614 
51.560830 
53.093565 
49.105374 
49.011955 
50.065875 
58.593809 
57.946636 
57.771302 
57.155537 
57.540863 
57.200032 
56.399177 
56.761662 
56.265841 
56.750096 
54.666579 
55.496018 
55.664862 
55.350279 
55.527591 
54.665428 
54.825663 
54.293839 
53.780561 
56.434676 
55.647140 
55.992718 
54.375538 
54.580833 
54.455628 
55.867178 
57.123060 
54.795791 
54.713451 
54.791110 
56.137898 
57.087597 
58.099561 
58.631250 
57.788717 
58.309678 
58.762772 
56.126815 
57.252036 
57.246612 
47.113785 
47.029040 
47.247966 
47.186025 
47.477224 
47.801211 
47.643065 
47.362575 
47.309353 
47.469727 
47.416038 
47.702366 
48.087338 
48.055988 
48.018310 
48.525902 
48.409443 
48.331309 
48.687168 
48.612372 
49.938875 
52.209604 
52.372038 
47.615210 
48.005956 
47.922689 
47.604155 
47.543940 
47.743455 
47.670714 
47.882671 
48.200622 
48.184175 
47.918948 
47.828257 
48.135633 
48.021466 
48.130152 
48.363364 
48.307059 
48.563329 
48.952020 
48.974981 
48.568525 
48.897276 
48.923113 
49.369387 
49.825978 
49.935392 
47.987392 
48.264081 
48.229059 
55.043503 
57.068406 
56.971609 
54.386545 
56.496002 
56.915386 
58.378796 
59.199610 
58.969073 
52.968159 
54.909806 
55.816152 
51.389888 
52.797262 
53.864610 
56.620272 
57.935578 
58.675798 
59.766325 
60.166374 
59.852619 
59.827790 
60.325846 
60.336831 
60.480189 
60.734468 
60.398886 
58.055756 
59.111930 
59.267010 
47.789216 
48.564770 
48.160074 
48.129266 
48.504693 
49.447183 
48.995603 
50.171475 
50.530997 
50.979928 
48.809074 
49.777319 
51.439073 
51.843940 
52.118323 
48.969131 
49.577079 
48.903170 
48.490206 
48.338429 
48.846121 
48.659814 
48.718345 
48.944797 
48.803933 
49.275260 
49.055352 
49.748971 
49.509100 
49.474496 
49.655418 
49.465241 
49.167106 
49.371510 
49.248640 
49.475737 
49.648874 
49.506586 
49.555149 
49.709417 
49.621612 
49.066695 
49.279684 
49.104823 
50.245831 
50.018119 
50.615742 
50.450221 
50.338429 
50.378328 
50.249141 
50.792306 
50.735839 
50.718124 
50.786285 
50.631857 
50.439747 
50.500752 
50.364495 
50.302080 
50.276623 
50.385587 
50.233119 
50.287365 
50.200306 
50.071958 
50.122836 
50.590417 
50.509919 
50.467747 
49.834512 
49.910251 
49.866367 
49.970096 
49.985365 
49.952123 
49.943798 
49.936940 
49.945803 
50.054566 
50.005398 
50.005199 
50.047037 
49.939938 
49.983987 
49.926038 
49.828076 
49.873218 
49.894510 
49.826387 
49.872345 
49.824134 
49.732563 
49.780765 
49.742027 
49.652611 
49.708368 
49.961646 
49.904451 
49.924631 
49.928355 
50.160625 
50.068559 
49.865770 
49.826487 
50.191091 
50.201543 
50.136175 
50.117480 
50.070265 
49.804098 
49.800203 
49.997002 
49.908971 
49.810523 
50.091652 
50.037537 
49.955159 
61.044565 
61.199041 
60.806620 
61.329313 
61.322947 
61.400602 
61.311141 
61.366210 
61.101226 
60.107735 
59.582160 
60.797558 
56.021430 
54.857738 
57.467671 
58.711189 
57.415670 
59.645912 
61.335444 
61.171863 
61.196302 
60.273336 
59.214390 
60.629868 
60.778748 
59.979866 
60.767296 
61.191144 
60.875357 
61.349612 
51.946853 
51.371350 
52.552002 
50.494835 
50.209928 
50.678230 
50.885027 
50.451161 
51.105199 
49.884140 
49.745125 
49.916058 
49.666477 
49.588300 
49.645654 
49.629586 
49.538669 
49.618379 
50.082241 
49.805169 
50.159530 
49.610174 
49.500446 
49.606403 
49.604786 
49.467800 
49.604732 
49.962054 
49.762351 
50.018107 
58.267783 
55.798446 
58.612696 
52.490530 
51.235502 
52.841501 
53.139365 
51.378748 
53.354966 
50.378904 
49.902926 
50.452509 
49.595666 
49.433247 
49.593245 
49.587630 
49.389442 
49.578709 
50.564889 
49.939934 
50.561941 
49.561073 
49.330962 
49.541042 
49.513559 
49.255181 
49.479892 
50.516728 
49.939233 
50.554861 
53.443984 
51.375024 
52.215480 
54.478441 
55.539029 
50.240925 
50.750479 
49.856517 
50.316450 
51.029259 
56.522249 
57.328515 
52.245309 
54.811893 
57.914718 
51.646327 
51.939823 
53.535226 
48.377199 
48.866928 
48.624285 
48.478351 
48.646588 
49.331497 
49.110803 
49.703228 
49.532672 
49.486873 
49.732305 
49.491530 
48.910679 
49.270224 
49.548805 
49.997300 
49.643112 
49.746596 
50.409386 
49.004208 
49.224402 
48.938158 
49.939741 
49.855447 
49.973984 
49.978849 
50.067753 
50.262087 
50.239263 
49.855626 
49.928542 
49.763925 
49.859291 
50.020721 
50.547860 
50.915961 
51.010952 
50.302490 
50.734651 
51.374286 
52.434335 
50.037462 
50.144801 
50.230886 
52.171000 
54.633560 
54.701930 
57.054411 
56.095870 
57.217004 
59.135637 
55.629751 
57.543327 
57.541516 
54.684069 
57.049063 
59.080928 
60.358628 
60.293304 
60.843357 
61.001462 
61.171152 
61.052241 
59.004721 
60.288553 
59.894474 
49.879106 
50.524876 
50.145590 
49.971244 
50.142900 
51.824516 
51.070266 
53.040144 
53.390807 
53.378184 
50.401850 
50.733583 
52.960059 
52.222792 
51.291145 
50.970423 
51.686807 
50.736652 
49.049204 
48.994863 
49.153196 
49.102113 
48.802897 
49.038939 
48.989740 
49.244897 
49.200446 
49.320788 
49.284985 
49.079976 
49.036111 
49.041329 
51.019367 
54.674412 
54.770431 
50.575800 
53.714800 
54.318406 
58.261351 
60.517269 
60.540975 
48.942786 
49.060823 
49.066459 
49.380477 
49.351951 
49.431076 
49.406503 
49.307626 
49.222099 
49.160251 
49.480658 
49.455622 
49.536216 
49.507359 
49.439413 
49.403923 
49.371429 
49.196412 
49.526891 
49.936614 
49.268840 
49.250048 
49.312071 
50.493239 
52.023827 
53.581721 
49.381467 
49.330390 
49.280113 
61.877677 
62.554515 
62.377871 
61.640137 
62.440658 
62.585528 
62.952500 
63.179667 
62.952999 
60.399268 
61.437323 
62.076187 
57.651320 
59.023120 
60.445122 
62.077709 
62.447354 
62.947563 
63.298600 
63.329244 
63.080206 
63.352297 
63.376724 
63.436104 
63.289094 
63.179605 
62.953265 
62.927300 
63.212241 
63.277235 
49.205901 
49.378283 
49.101500 
49.060111 
49.922663 
52.887967 
50.653417 
55.467051 
57.184127 
58.548447 
53.189728 
57.513920 
59.525639 
60.141604 
60.456427 
51.502853 
55.735164 
52.390724 
49.622158 
49.585941 
49.704410 
49.661836 
49.590383 
49.549867 
49.522050 
49.801532 
49.752128 
49.912655 
49.855134 
49.756157 
49.688611 
49.650277 
49.494579 
49.423145 
49.414274 
49.539799 
49.449079 
49.434485 
49.333734 
49.227611 
49.239168 
49.667185 
49.613239 
49.579789 
50.057401 
49.987125 
50.225736 
50.136617 
50.011689 
49.933939 
49.867995 
50.452118 
50.332362 
50.594173 
50.423841 
50.222045 
49.824495 
49.690447 
49.633931 
49.993815 
49.764594 
49.535808 
49.316807 
50.185107 
50.106786 
50.011668 
49.098104 
48.963448 
49.000665 
49.053729 
48.905159 
48.930768 
48.818215 
48.665408 
48.715774 
49.042913 
48.886542 
48.890193 
49.087412 
48.898640 
48.724555 
48.566552 
48.503333 
48.338116 
48.398959 
48.419074 
48.288017 
48.167259 
48.056252 
48.749115 
48.586223 
48.620226 
49.869800 
49.698825 
49.798292 
49.738927 
49.603431 
49.424967 
49.571500 
49.261631 
49.226051 
49.206812 
49.464695 
49.334905 
49.198472 
49.201679 
49.211998 
49.525707 
49.356716 
49.490606 
62.857002 
62.517315 
62.564419 
62.096077 
61.369445 
62.149263 
62.030334 
61.340755 
61.747199 
59.473987 
57.934114 
60.010698 
53.919473 
51.761744 
55.031813 
55.897668 
53.439077 
56.502380 
60.314661 
58.854307 
60.027515 
56.833241 
54.244985 
56.922209 
56.741379 
53.964103 
56.269741 
60.329908 
58.860017 
60.425703 
48.663981 
47.940639 
49.050778 
47.973333 
47.918717 
47.837237 
47.703721 
47.672094 
47.586299 
47.996627 
47.858690 
47.911442 
47.899466 
47.803923 
47.710977 
47.620480 
47.617710 
47.499898 
47.505755 
47.526632 
47.435178 
47.340404 
47.242474 
47.821449 
47.684492 
47.723540 
50.612305 
48.213426 
50.311596 
47.106608 
46.729620 
46.996222 
46.834375 
46.381305 
46.618890 
47.068861 
47.024144 
46.917952 
47.120208 
47.009471 
46.889513 
46.760509 
46.389170 
46.391627 
46.184456 
46.614160 
46.458607 
46.284706 
46.091472 
46.754119 
46.738260 
46.578106 
49.625511 
47.494945 
48.155370 
50.203079 
50.694034 
47.370467 
47.376381 
47.279439 
47.224016 
47.054099 
51.006259 
51.123766 
47.251252 
48.537996 
50.994447 
47.418861 
47.344282 
48.516625 
49.509353 
49.446846 
49.481995 
49.444203 
49.378389 
49.329993 
49.395786 
49.145115 
49.245755 
49.244705 
49.141074 
49.223076 
49.283194 
49.349464 
49.234788 
49.704057 
49.532176 
50.451659 
53.227661 
49.376147 
49.288440 
49.340030 
48.878452 
49.008890 
48.587196 
48.736690 
48.753323 
48.604487 
48.737615 
48.257532 
48.423501 
48.081953 
48.125662 
48.165673 
48.426527 
48.313331 
48.631025 
48.160071 
48.099599 
48.387727 
49.845450 
48.458812 
48.320950 
48.465472 
57.313500 
59.980428 
58.334115 
60.149470 
60.313291 
61.642151 
62.579189 
56.960272 
58.305765 
59.488221 
53.196622 
56.458252 
59.117081 
60.940224 
63.069489 
63.219916 
62.142553 
62.815674 
63.135529 
61.264485 
61.885422 
62.407097 
49.028184 
48.801903 
48.885178 
49.023502 
49.133050 
50.118407 
49.129533 
51.624201 
53.313177 
54.547867 
49.918475 
51.791311 
55.218041 
55.217529 
54.544635 
49.590011 
51.884401 
49.878169 
45.774110 
45.776628 
46.339678 
45.952045 
45.597322 
45.400633 
45.316324 
47.546475 
46.906073 
48.899593 
48.222416 
47.356478 
47.081876 
46.586745 
45.174118 
44.918027 
44.748620 
45.874285 
45.603452 
45.224030 
44.623545 
44.290455 
44.070173 
46.238349 
46.087259 
45.663258 
50.109123 
49.586092 
50.695606 
50.475359 
49.386900 
48.593010 
48.345445 
50.959337 
50.833440 
51.290632 
51.106452 
50.079802 
49.222349 
49.051427 
47.760572 
46.963537 
46.863051 
48.025605 
47.211751 
47.071435 
46.208850 
45.518670 
45.460628 
49.801495 
48.899561 
48.760256 
43.887028 
43.480052 
43.293135 
44.340702 
43.878354 
43.688619 
43.050489 
42.617630 
42.440964 
44.633556 
44.126955 
44.024604 
44.773282 
44.253443 
44.196013 
43.646157 
43.206693 
43.101301 
42.188613 
41.803866 
41.619566 
42.542271 
42.180145 
41.996060 
41.472113 
41.215929 
41.002887 
43.412773 
42.960546 
42.794921 
48.516650 
47.386720 
47.998352 
47.570014 
46.739058 
46.035717 
46.708038 
45.382139 
45.304142 
45.197705 
45.969173 
45.250877 
45.041078 
44.821317 
44.553670 
46.528259 
45.758971 
46.285128 
51.950124 
51.656477 
52.673934 
52.290911 
51.414725 
50.955510 
50.537807 
53.603775 
53.122437 
54.735982 
54.143005 
53.360239 
53.230763 
52.576476 
50.579444 
50.311952 
49.735736 
51.764101 
51.711430 
50.971092 
50.168943 
50.177411 
49.368568 
52.279549 
51.969675 
51.428184 
56.212534 
55.494245 
57.767627 
56.983987 
56.482076 
56.907178 
55.983421 
59.131668 
58.527976 
59.714496 
59.533426 
59.297989 
59.263679 
59.042229 
57.436910 
57.887190 
57.056725 
58.745963 
58.669462 
58.421770 
58.042777 
57.833467 
57.597107 
58.170478 
58.551743 
57.804069 
50.385523 
50.788679 
49.620164 
52.803074 
53.496805 
52.113830 
51.355816 
51.894707 
50.534363 
55.416084 
55.747231 
54.799538 
56.979942 
56.623252 
56.320971 
55.527164 
54.932287 
54.605645 
52.100404 
51.861923 
51.031963 
53.540609 
52.842675 
52.442736 
51.340613 
50.724719 
50.308733 
54.030318 
54.032748 
53.120046 
54.778877 
55.361639 
54.979734 
54.054047 
53.332862 
56.558633 
55.929368 
56.995764 
56.017164 
54.782600 
52.582218 
51.857559 
53.442623 
52.219534 
51.122504 
54.737543 
54.096653 
53.601903 
41.007198 
41.015012 
40.765119 
41.497943 
41.627944 
41.307978 
41.150417 
41.415519 
41.044882 
42.105549 
42.344697 
41.976183 
42.871401 
43.203504 
42.750112 
42.672472 
43.065694 
42.637644 
41.812951 
42.294941 
41.868851 
42.653008 
43.119819 
42.713809 
42.830096 
43.362643 
43.002758 
41.874055 
42.224326 
41.815183 
43.915718 
44.353394 
43.756301 
45.345620 
45.779056 
45.031865 
44.796384 
45.203539 
44.629856 
47.113873 
47.397974 
46.587551 
48.933534 
48.953299 
48.193297 
47.566385 
47.633927 
47.047561 
45.551901 
45.813703 
45.355603 
46.611419 
46.705860 
46.266821 
45.990554 
46.083114 
45.775573 
46.153223 
46.432570 
45.811598 
43.909304 
44.322451 
44.035685 
44.529272 
44.825030 
44.583964 
44.658541 
44.916332 
44.748881 
45.077237 
45.272555 
45.054928 
45.601770 
45.691436 
45.484573 
45.401709 
45.466505 
45.346861 
45.109259 
45.234800 
45.156345 
45.314687 
45.354887 
45.301378 
45.305593 
45.324898 
45.327821 
45.054087 
45.216265 
45.073571 
43.622839 
44.500375 
44.069009 
43.549228 
43.528915 
45.210122 
44.894656 
45.447229 
45.121272 
44.797125 
43.563862 
43.639142 
44.462608 
44.121245 
43.756871 
44.440970 
44.432045 
43.998433 
50.605930 
49.431469 
49.980146 
49.540989 
48.487821 
48.565026 
48.940203 
48.152403 
48.293903 
47.407351 
46.316355 
46.706018 
47.419504 
46.456966 
46.160894 
45.254934 
45.798317 
45.590242 
44.854067 
48.302512 
47.193595 
47.794584 
48.379401 
48.176889 
49.141612 
48.736622 
47.183541 
46.136683 
45.935519 
49.456788 
49.435917 
49.257686 
48.128492 
47.002145 
45.269013 
44.640916 
44.384124 
45.909674 
44.984417 
44.197549 
43.556166 
47.840161 
46.742773 
46.421607 
44.140310 
43.617026 
43.126103 
42.717005 
43.097961 
43.134706 
42.672736 
42.699068 
42.426830 
42.482412 
42.961162 
42.556844 
42.225570 
41.953154 
42.199720 
41.756352 
41.712590 
41.514272 
41.345292 
42.343261 
42.004684 
42.255383 
46.957523 
44.926641 
45.854329 
45.989120 
45.259519 
43.623026 
44.166188 
43.228917 
43.074712 
43.102209 
44.715825 
44.378939 
43.313339 
43.678414 
44.197181 
44.163256 
43.637766 
44.351861 
59.702678 
59.113191 
59.506611 
59.500908 
59.273431 
57.795366 
58.509721 
56.289571 
57.033114 
57.484859 
57.188928 
58.009371 
59.001844 
58.688774 
58.433794 
58.171216 
58.540209 
58.310560 
57.854556 
58.895031 
58.669315 
59.086564 
54.845199 
55.491025 
53.704198 
54.247732 
54.233767 
53.625926 
54.353114 
52.736718 
53.189211 
51.951698 
52.322495 
52.001645 
51.261173 
51.763388 
52.997257 
52.387524 
53.232533 
51.626237 
50.927081 
51.617334 
51.768547 
51.143240 
52.117727 
53.016066 
52.320810 
52.943264 
57.231359 
56.552109 
56.802464 
56.171997 
56.418083 
55.744180 
54.820013 
55.249306 
54.741056 
55.643114 
52.742786 
52.177357 
53.508767 
54.087506 
53.263625 
54.012842 
53.769010 
52.693510 
53.365757 
52.265051 
52.509845 
51.617231 
50.605704 
55.376629 
54.427248 
54.656461 
55.764197 
54.732104 
55.241093 
56.204781 
56.800042 
53.722627 
54.211057 
53.233857 
54.448697 
55.653185 
57.439292 
57.804110 
56.698081 
57.358218 
57.700551 
55.300773 
56.045942 
56.425578 
51.193006 
51.460343 
50.791022 
50.968833 
50.244746 
49.281677 
49.534734 
50.567720 
50.663190 
50.174810 
50.445154 
49.661349 
48.765366 
48.855599 
48.304943 
47.389886 
47.584135 
48.043584 
47.255713 
47.285382 
46.578225 
45.916180 
45.940047 
49.865287 
48.934371 
49.073339 
49.025710 
49.654416 
47.732967 
48.365727 
48.140723 
47.403679 
47.851735 
46.728740 
47.151638 
46.650104 
46.554114 
46.460245 
46.411706 
46.353647 
46.781838 
46.282801 
46.589118 
46.227161 
46.065707 
46.079059 
45.898907 
45.561519 
45.678744 
47.063293 
46.548270 
46.941612 
45.379473 
45.005224 
44.906878 
45.588188 
45.241702 
45.134690 
44.700106 
44.392369 
44.295523 
45.661196 
45.210983 
45.280684 
45.384285 
44.879706 
45.055547 
44.675723 
44.059716 
44.262742 
44.010957 
43.548213 
43.619070 
43.825469 
43.207075 
43.407290 
43.017953 
42.468058 
42.680730 
44.866004 
44.394310 
44.434852 
49.181054 
47.510809 
48.273255 
48.589597 
47.930149 
46.342603 
46.873070 
45.861653 
46.031287 
46.108577 
47.229723 
46.564506 
46.087185 
46.016172 
45.940765 
47.080431 
46.595065 
47.193551 
49.242497 
48.497182 
48.075419 
47.464921 
48.006401 
47.856745 
47.319028 
46.653068 
46.181462 
46.847445 
45.107883 
44.810917 
45.485635 
45.798396 
45.493878 
46.024415 
46.857392 
46.487320 
46.160213 
45.877990 
46.211092 
46.183536 
45.940707 
46.944006 
46.511421 
46.942727 
43.843088 
43.650051 
44.163645 
43.044372 
42.888522 
43.229098 
43.494988 
43.364621 
43.816978 
42.586940 
42.366085 
42.603245 
42.299058 
41.985757 
42.161390 
42.125019 
41.880270 
42.199106 
43.249989 
43.146329 
43.603374 
42.390010 
42.229410 
42.682230 
43.057504 
42.993159 
43.475233 
42.725542 
42.557295 
42.947282 
45.729823 
45.586001 
45.315558 
45.218840 
45.427148 
45.476931 
45.397393 
44.718244 
44.661412 
44.960748 
43.936441 
43.905472 
44.313202 
44.632208 
44.634586 
44.885489 
45.341355 
45.307732 
45.080984 
45.085751 
45.214181 
45.294826 
45.304334 
45.146889 
45.100910 
45.273259 
44.545562 
44.195543 
44.344870 
44.913271 
45.228009 
44.008210 
44.086620 
43.957547 
44.391097 
44.781182 
45.473843 
45.635284 
45.139178 
45.450729 
45.719214 
44.562599 
44.884757 
45.030487 
50.987346 
48.989028 
49.994666 
50.573167 
50.236870 
46.958067 
47.936483 
45.343911 
46.070481 
46.426628 
46.010386 
46.988817 
49.975585 
49.839889 
47.768734 
47.576391 
48.710497 
49.839650 
50.011411 
48.482045 
48.066469 
49.165819 
44.328244 
44.712587 
43.768726 
44.033809 
43.869225 
43.544416 
43.852728 
43.112153 
43.463745 
42.711431 
42.752125 
42.822678 
43.362692 
43.352843 
43.593604 
42.957299 
43.175774 
43.518393 
44.008276 
43.342007 
43.059157 
43.292067 
50.475220 
51.083067 
48.114791 
48.508730 
49.822769 
51.641299 
51.724907 
46.043492 
46.330923 
47.283095 
44.785795 
45.614934 
46.548984 
47.496276 
51.294804 
50.638131 
48.418789 
49.214918 
49.933069 
48.702640 
48.650229 
50.103421 
44.772330 
44.086929 
44.347776 
45.064442 
45.601006 
44.099724 
43.998490 
44.378614 
44.910844 
45.629508 
46.433120 
47.503204 
46.592254 
47.682689 
48.860214 
44.582636 
45.406581 
45.398259 
46.925674 
47.438787 
47.242210 
46.795651 
46.630356 
48.330877 
47.587860 
52.590152 
50.068867 
48.183462 
47.930423 
47.041929 
46.417807 
46.156370 
46.513011 
46.120347 
46.189209 
45.840394 
45.476800 
47.180197 
46.868858 
46.830614 
57.119874 
55.401319 
58.778300 
58.145981 
56.962408 
56.533656 
55.141880 
59.546717 
59.219533 
60.055692 
59.818263 
59.115424 
58.575861 
58.273275 
55.837850 
54.869740 
53.489689 
57.200835 
56.360565 
55.758408 
53.592421 
52.009914 
50.552584 
58.416341 
57.888341 
57.358437 
45.018747 
44.583531 
44.559022 
44.041137 
44.281897 
44.131764 
43.680181 
45.022739 
44.294877 
43.996871 
47.256323 
46.024502 
44.981994 
43.592073 
42.948019 
42.865051 
43.223183 
42.804416 
42.532130 
42.114021 
42.421784 
42.421816 
42.096693 
43.515096 
43.004517 
43.304430 
52.832484 
52.203958 
52.714499 
49.948190 
47.656619 
50.114142 
51.316337 
48.711733 
47.035162 
45.829805 
46.273895 
45.640957 
45.205102 
45.115228 
45.299038 
48.979725 
46.566665 
47.189186 
60.568509 
60.380094 
60.868262 
60.735814 
60.265220 
59.920942 
59.704762 
60.934647 
60.950540 
60.253553 
60.751763 
60.569931 
60.041997 
60.256139 
59.539897 
59.122598 
58.882820 
59.817449 
59.238979 
59.276360 
58.608954 
57.839637 
57.786230 
60.581450 
60.238652 
60.106824 
56.645051 
58.941383 
51.468225 
53.681740 
53.900697 
51.457296 
53.966837 
49.903490 
50.544893 
49.161818 
49.439728 
49.392746 
49.051624 
49.337681 
50.349755 
49.687281 
50.235450 
49.277979 
48.925092 
49.208214 
49.131926 
48.781872 
49.048530 
50.511676 
49.823628 
50.446323 
56.266708 
53.548097 
54.977795 
52.336454 
49.935444 
51.501556 
50.586578 
49.127212 
49.680154 
49.778215 
49.269396 
49.607793 
48.963069 
48.620774 
48.865360 
48.761309 
48.439684 
48.651016 
49.070004 
48.667416 
48.879958 
48.532836 
48.234997 
48.408806 
48.276800 
48.000827 
48.136823 
49.433755 
48.984420 
49.254630 
59.223550 
54.153309 
57.251003 
59.258091 
59.080950 
50.109246 
51.254197 
49.506273 
49.953789 
50.748892 
58.712283 
58.148386 
53.182539 
55.837378 
57.353634 
54.067966 
53.748261 
57.115556 
41.740812 
41.625545 
41.191340 
41.294869 
41.379484 
41.618848 
41.731267 
41.366553 
41.764662 
41.414227 
42.468579 
43.229698 
42.370154 
42.348070 
43.078928 
42.386717 
41.978433 
42.338656 
42.486947 
43.108603 
42.624618 
42.798733 
43.308343 
41.543571 
41.947135 
41.739768 
44.505187 
45.566846 
44.383778 
46.843901 
47.305510 
46.616008 
46.358330 
46.720470 
46.083131 
47.879121 
47.727246 
47.630586 
47.902735 
47.728786 
47.736249 
47.556123 
47.409606 
47.364003 
46.807062 
46.777699 
46.524424 
47.152187 
47.038423 
46.934924 
46.707398 
46.624332 
46.477025 
47.366413 
47.274750 
47.089829 
43.865634 
44.299987 
44.834318 
45.114688 
44.716135 
44.652069 
44.919923 
45.675019 
45.768278 
45.472631 
46.223378 
46.199787 
46.008170 
45.811729 
45.819104 
45.643510 
45.119986 
45.255438 
45.505598 
45.537018 
45.405814 
45.339757 
45.377328 
45.308399 
45.433425 
45.191057 
44.207972 
45.764707 
45.131435 
44.054351 
43.927682 
46.219159 
46.093873 
46.245093 
45.930544 
45.515092 
43.844418 
43.802716 
44.986466 
44.398161 
43.811677 
45.470050 
45.204927 
44.678007 
59.734888 
58.897716 
59.338659 
58.963959 
58.060520 
57.874298 
58.396317 
56.463965 
57.264624 
56.591049 
54.902948 
55.875857 
56.908982 
55.449788 
55.116374 
52.984605 
54.322332 
53.352692 
50.475928 
57.909230 
56.689125 
57.417983 
52.732982 
54.925237 
48.574761 
50.215716 
50.140626 
47.826797 
49.391564 
48.572868 
48.464762 
48.226713 
48.237494 
47.919604 
46.091641 
45.091569 
45.118383 
47.020745 
45.841555 
44.634004 
43.542084 
47.715647 
47.246806 
46.978750 
46.924232 
44.578073 
43.846993 
42.429792 
43.351579 
43.037723 
42.167262 
42.276023 
41.608805 
41.825810 
42.486346 
41.805329 
41.343629 
41.108333 
41.735307 
41.596451 
41.089454 
41.270330 
41.621173 
41.585224 
41.183871 
41.553906 
54.380162 
48.400858 
51.494737 
53.421880 
52.292777 
44.025068 
45.756635 
42.987377 
43.045385 
43.641472 
51.013937 
49.709484 
44.787070 
46.354454 
48.323700 
47.117003 
45.872095 
48.969629 
48.939541 
48.915134 
48.660290 
48.883485 
48.828629 
54.922610 
51.065864 
60.528951 
58.466870 
54.801478 
54.384343 
50.627593 
48.769638 
48.714238 
48.473718 
48.292774 
48.414762 
48.656201 
48.595689 
48.812137 
48.659915 
48.521751 
62.218242 
61.684064 
62.649874 
62.505507 
61.906850 
61.453795 
61.080716 
62.694626 
62.703079 
62.524276 
62.634047 
62.168472 
61.495669 
61.587317 
60.837272 
60.049197 
59.778745 
60.890494 
59.970992 
60.073662 
59.007478 
57.596012 
57.349689 
62.209763 
61.627188 
61.600352 
48.515709 
48.445227 
47.922319 
47.914422 
48.256473 
48.367472 
48.283215 
49.513365 
48.501996 
47.720222 
54.152702 
51.943960 
50.184842 
47.744381 
47.321126 
47.550825 
48.187963 
48.088127 
47.912702 
47.857371 
47.979409 
47.979078 
47.861584 
47.925301 
47.932234 
48.148956 
60.463846 
59.674250 
60.179467 
58.164807 
54.014860 
57.806548 
58.904164 
56.248655 
53.940690 
50.858684 
49.718493 
48.129281 
48.569794 
47.996130 
48.331707 
56.875170 
52.138658 
53.224917 
61.946576 
62.238672 
60.908133 
61.524175 
61.088701 
59.867951 
60.422294 
58.528350 
59.955927 
53.460731 
56.365843 
56.106900 
52.493708 
55.413522 
57.933323 
54.708473 
56.378801 
54.185183 
49.718305 
52.363512 
50.081574 
46.206700 
47.772548 
59.636651 
57.589578 
58.990287 
47.720618 
50.061379 
45.963192 
46.410821 
46.137518 
45.434457 
45.799730 
45.962502 
45.956907 
45.874265 
45.627694 
45.349974 
45.068996 
44.685288 
44.696442 
45.030288 
44.683820 
44.307124 
43.912074 
45.697544 
45.403446 
45.402772 
43.953561 
42.831466 
43.183356 
43.253114 
42.629784 
42.666717 
42.081412 
41.547974 
41.535761 
43.196598 
42.822179 
42.691766 
43.449343 
43.024000 
42.582935 
42.139149 
41.199220 
41.017919 
40.806203 
41.693715 
41.298189 
40.962129 
40.715240 
42.173728 
41.871012 
41.665616 
49.828062 
45.432366 
46.964407 
49.265923 
48.385018 
44.238717 
44.715586 
43.790928 
43.733391 
43.744023 
47.263001 
46.069233 
43.867738 
44.212256 
44.940439 
44.971252 
44.444718 
45.724273 
47.661149 
47.516270 
47.290488 
47.118671 
47.320564 
47.358112 
47.187846 
46.813280 
46.591879 
46.882215 
45.974275 
45.691399 
46.208688 
46.357493 
46.120302 
46.455437 
47.000303 
46.806306 
46.522208 
46.313892 
46.569921 
46.603365 
46.398113 
46.929865 
46.729171 
46.966626 
44.385630 
44.010795 
44.937512 
42.123699 
41.906624 
42.932817 
43.684453 
43.422316 
44.295116 
40.666574 
40.731217 
41.136258 
40.559194 
40.633824 
40.866234 
41.254157 
43.230748 
43.101478 
43.847049 
41.792807 
42.401633 
43.029172 
43.606869 
41.781943 
41.751990 
42.517393 
46.174903 
45.983307 
45.688974 
45.535141 
45.766050 
45.808428 
45.657815 
45.073848 
44.942550 
45.266788 
44.144874 
44.533809 
44.835048 
45.057804 
45.532069 
45.437893 
45.217702 
45.318568 
45.370644 
45.403507 
45.298071 
45.489765 
45.370809 
44.797825 
45.067704 
45.665376 
45.864207 
44.384094 
44.567525 
44.244315 
44.785917 
45.220597 
46.000170 
46.089965 
45.579446 
45.878231 
46.146343 
45.155441 
45.406897 
45.624015 
61.850180 
59.674996 
60.935084 
61.265762 
60.522869 
54.540391 
57.688907 
46.113289 
50.007504 
52.087313 
49.549696 
53.776638 
59.583108 
58.501755 
55.177038 
52.969629 
56.279771 
57.131643 
55.259862 
58.538193 
57.034792 
59.127843 
42.312219 
43.538023 
40.897332 
41.475673 
41.670874 
41.383775 
42.123573 
40.401259 
40.541830 
40.419922 
40.325020 
40.525224 
41.581149 
42.306466 
42.589876 
41.140780 
42.142033 
43.385817 
44.570157 
40.527289 
40.576843 
40.860201 
52.088005 
49.136888 
46.736297 
46.425181 
47.203810 
47.314735 
47.195131 
45.877933 
46.489381 
46.441212 
45.648519 
46.298109 
46.758129 
47.083744 
47.628642 
47.715248 
47.332666 
47.521809 
47.690018 
46.901567 
47.275744 
47.304139 
44.430675 
42.924262 
43.374680 
45.617851 
47.026730 
43.862106 
43.108841 
44.872180 
45.004800 
45.142241 
48.667809 
50.253853 
45.982590 
48.061394 
51.561697 
43.884012 
44.948990 
45.554598 
