-0.182151
-0.896834
1.747151
-1.117024
-1.757176
-0.95911
0.710012
0.027057
2.467577
-0.8519
-1.530762
-0.558549
-1.069848
-0.128173
0.706654
-0.052746
-0.380109
0.735456
-0.809006
-2.485607
-0.423362
0.769231
-0.243028
1.838519
-0.64624
0.881717
0.741055
0.639215
2.139729
-1.364242
-2.445652
-1.886855
-1.451996
0.184947
-0.277332
0.294631
-3.675686
-2.699337
0.543299
-2.680836
-2.628228
0.752085
0.183274
-3.991202
-2.198128
1.225959
0.428212
-0.329773
-1.854706
-1.758503
3.756669
-1.651071
0.042676
3.925536
-3.246786
0.339528
1.635514
-0.268861
0.413116
-1.223223
-1.54798
-0.608678
-0.677577
0.490713
-2.598592
-2.360838
-1.127371
0.53373
-0.606075
-0.024942
-3.41192
-1.101087
-1.310312
0.845934
-2.077196
-3.699166
0.96148
-3.279872
0.598255
0.107168
0.021777
1.796156
2.278782
-0.917223
-0.111102
0.034273
-0.205059
1.024544
0.26074
-0.261266
-0.024614
-2.235222
0.14949
-0.983517
0.591846
0.374998
-0.37356
1.526075
-0.030731
-0.832268
1.246269
0.049382
-0.05749
-1.734759
-0.767227
-2.857238
3.537991
-0.580501
1.253269
0.201197
0.83948
-1.093792
0.361229
-0.700586
0.947038
0.660996
3.685715
-0.572536
-0.813086
-0.594543
1.108595
1.81403
0.31168
1.333672
-0.606258
0.234711
0.849832
1.28086
-1.2399
2.232258
0.975566
1.692314
0.885348
-2.119403
-0.950488
-1.543853
0.347612
-1.98664
-2.710994
-0.670744
0.58846
-0.986805
-1.148615
1.915238
0.840781
-0.816332
-1.934458
-1.070995
0.57353
0.272084
0.291266
1.078463
-0.269067
1.048371
-1.321306
0.096645
-0.714725
-3.638879
-0.979485
0.179884
-1.711766
1.716388
-2.810109
-0.248743
-2.096792
2.285101
-0.530811
0.453371
1.115433
1.870795
-1.56588
-1.637742
-0.897121
-0.195295
-0.573257
-1.3424
-0.956576
1.180251
-2.324865
-0.930523
1.9334
0.917516
-1.323788
-3.888131
0.58184
0.137408
1.991729
0.57069
2.983624
1.345569
-0.500783
1.778213
0.407477
-0.600144
-2.506521
-0.20883
2.959377
2.526742
-1.764164
0.673185
-0.998241
-0.230864
0.600544
1.737117
-0.757117
0.434772
2.052262
-2.945791
1.895981
-0.498413
1.516056
-0.038734
2.95834
1.353926
-2.570648
-1.891188
1.624769
0.2575
-1.48332
0.173785
1.207468
1.236662
1.396675
-1.375174
0.512368
0.715473
-3.675472
-1.92342
-0.931789
-0.538666
-0.500011
-2.009975
1.616526
0.399066
1.861345
1.388721
-0.098929
-0.839012
2.97877
0.224127
-1.752065
-0.343504
-2.40275
0.429715
1.56991
1.821838
-0.142358
-1.359295
2.503309
3.380913
0.723101
-0.279947
-0.964947
0.909608
-1.274968
0.497867
0.939244
0.556894
3.902384
-0.158046
