-1.844131
-2.764853
-0.932956
-1.574232
-0.619551
1.295193
-1.671034
0.37967
2.922269
-1.968898
3.631435
0.336645
-0.217761
0.407785
-0.788828
0.109773
-3.0166
-0.849199
2.130305
0.511032
1.866902
0.775145
-0.625644
-0.245264
-1.335665
0.984297
0.988831
-1.701963
1.733814
-2.767306
0.582939
-0.99769
0.917046
1.264919
-0.927559
2.526574
0.338982
0.48568
-0.23139
1.034016
0.384893
1.29294
0.910539
1.966781
-0.295586
0.750771
1.782473
3.427072
1.789438
-1.236225
-2.159805
1.189915
2.898267
-1.320356
-1.639952
-0.503909
-0.551958
1.908177
-1.959173
0.317145
-0.82911
-0.515191
1.381095
-0.520701
-1.551159
-0.031434
0.848966
-1.481932
-0.090227
-1.093844
-0.951273
-0.857313
-1.770541
-1.859382
0.9508
-1.286322
1.044275
-1.898027
-0.678767
0.763539
0.272293
-2.97916
0.69699
0.757864
-1.205649
-3.591036
2.863971
-0.54618
-0.113778
-0.147263
0.789564
-2.76495
0.955263
-0.800515
-0.421027
-0.069465
-0.689312
0.726513
0.052453
1.367614
-2.830752
-1.446882
1.279379
0.639774
-0.251332
1.875274
1.704881
0.160904
0.58114
2.513403
-3.467277
0.071722
-2.631756
0.048232
-0.37342
-2.23314
2.815775
1.412074
0.344418
1.590469
2.747997
-0.106792
-1.660994
0.775657
1.905656
3.13285
-0.001016
0.023065
1.170455
-2.362863
0.636045
3.401157
-1.01
-1.407875
0.52616
2.579806
-0.688329
-1.260044
1.176456
-0.265486
1.552466
0.881002
-0.857594
1.442359
0.948845
1.267124
2.885217
-1.68261
-2.259004
0.235801
0.251985
1.664069
0.801424
-0.71947
-0.953535
1.676129
2.013954
0.906061
-0.472841
1.27831
-0.994731
1.790505
-3.608756
-1.606456
0.810661
0.790367
-1.656869
1.546835
1.293962
-0.344479
1.43634
-0.246338
1.154352
-0.550903
1.995343
-1.185107
-0.393962
-0.778892
-1.717511
1.703517
-1.644849
1.303411
-1.632494
-0.534929
-0.57353
-1.658456
-0.696427
-3.372333
0.331943
-1.16526
-0.6189
-0.524179
-2.224594
0.624563
-1.878901
1.148685
-0.120799
-1.236905
-0.649509
0.460593
0.123789
0.45036
-0.981772
-3.79017
0.650007
0.501645
-0.479627
0.265575
-0.553435
-0.19354
-1.846051
0.256236
-1.368749
0.630726
2.908723
-1.690577
2.589514
-0.778582
1.245084
0.642716
-1.214057
0.540274
0.759684
-1.149581
-0.908573
0.790288
1.184788
2.285001
3.504098
0.403619
-2.481932
-1.892496
0.492647
0.355568
-0.203297
1.386348
1.560292
-2.014024
-0.9863
-1.73287
0.136194
0.288028
0.325391
2.63926
0.390659
0.548658
-2.24308
0.848788
0.702877
0.040167
-1.753935
-1.24967
-3.689845
0.50161
-1.232444
2.733223
-0.82732
1.735675
0.236945
2.218007
