-2.817451
-0.156755
0.807952
-1.953209
1.288225
0.256766
1.127259
-1.450951
-0.962245
-0.417082
1.338251
-3.233168
1.105948
2.98491
0.634476
0.525149
0.847011
-0.688306
-0.414934
0.235929
0.867272
1.596386
-1.175869
1.855186
-3.467383
-0.577657
-1.783279
-0.97117
-0.128528
-0.055676
-0.219835
0.239271
0.90353
-0.217378
0.72821
0.692271
1.506786
0.691244
-0.925049
0.141551
3.362926
0.10797
1.119423
-0.788126
1.317912
-0.971919
-1.967252
0.932911
-0.068433
1.986062
3.318827
1.568342
-0.165136
1.457498
2.355457
2.791678
0.470153
-2.336681
-0.550556
-1.409107
-0.087515
1.874401
1.229044
1.291165
0.763963
-0.913976
-0.555628
-0.27497
1.780984
-1.683014
1.577984
-2.996307
2.344188
-0.170918
-0.903089
3.542057
-1.806935
-1.879903
-0.530688
-1.047965
0.988621
-0.213598
2.19408
-1.816403
0.225418
-1.932691
1.421107
1.545728
0.233601
-0.975992
-0.099994
-2.213406
1.304298
-1.514036
1.71985
0.925388
0.855158
0.381432
-0.443874
0.887521
1.614769
-0.877795
-0.789605
-0.511587
1.343371
0.973573
-0.69726
-0.433097
-0.115445
1.675512
2.365097
0.092798
-0.090085
1.443873
3.576786
-1.150124
-1.318344
-2.60052
-1.336517
0.172376
0.954535
3.51054
-0.406719
1.016816
-0.172787
0.417579
-0.85444
1.408838
-0.879571
0.193337
-1.069321
-0.837304
0.206184
2.1153
-2.835669
-1.218167
0.421626
-0.669625
0.06042
0.161759
0.781615
2.044789
-2.516636
-0.349955
1.894637
-0.048215
1.429976
-0.282648
3.403242
0.263242
1.698882
-1.114786
0.683328
0.720784
1.311422
-1.907583
-0.691856
2.294059
3.367325
-0.038878
0.079009
-1.757761
1.272639
3.139646
0.409952
0.365422
1.841939
-0.957483
-1.80902
0.56467
2.060253
0.763029
0.782996
-0.094694
-0.836391
-0.250185
-0.95001
-0.352247
1.510698
2.10176
-0.565651
-2.835869
-0.106573
2.636218
-0.888803
1.55099
-3.210997
0.866613
0.580562
-2.166681
0.654042
1.266892
2.659546
2.531293
0.938858
-2.105805
1.920104
-0.111723
-0.460089
-3.256205
0.875768
0.137366
0.294428
-0.829887
0.866934
0.222603
1.654288
-0.377513
-2.270509
0.264928
-2.4653
1.501959
1.926256
1.421143
0.032647
3.067443
2.897627
-0.100159
-0.193112
3.105036
1.100018
-0.0091
3.102112
-0.469727
1.178845
1.739054
3.346858
-1.289325
0.229993
-2.758822
3.319276
-1.063875
1.653402
0.241718
-1.972949
0.079252
1.700006
-1.602693
-0.213628
-0.507509
-1.655354
1.866309
1.407347
0.167175
-2.48374
-0.725558
-0.134023
0.701949
2.176687
-0.879258
0.570056
0.092103
0.538849
-0.483725
0.253601
-0.881802
-0.415673
-0.809407
0.671086
-3.249101
