0.0
0.0
0.578126
0.578126
0.0
-0.578126
-0.578126
0.0
0.703726
1.184024
1.288402
0.983722
0.366718
-0.366718
-0.983722
-1.288402
-1.184024
-0.703726
0.0
0.715798
1.322622
1.728088
1.870469
1.728088
1.322622
0.715798
0.0
-0.715798
-1.322622
-1.728088
-1.870469
-1.728088
-1.322622
-0.715798
0.0
0.691347
1.321264
1.833781
2.183359
2.338936
2.286688
2.031258
1.595341
1.017672
0.349578
-0.349578
-1.017672
-1.595341
-2.031258
-2.286688
-2.338936
-2.183359
-1.833781
-1.321264
-0.691347
0.0
0.646848
1.256103
1.792359
2.224449
2.527262
2.683199
2.683199
2.527262
2.224449
1.792359
1.256103
0.646848
0.0
-0.646848
-1.256103
-1.792359
-2.224449
-2.527262
-2.683199
-2.683199
-2.527262
-2.224449
-1.792359
-1.256103
-0.646848
0.0
0.588755
1.153406
1.670836
2.119862
2.482101
2.742722
2.891056
2.92103
2.831416
2.625884
2.312848
1.905124
1.419403
0.875572
0.295895
-0.295895
-0.875572
-1.419403
-1.905124
-2.312848
-2.625884
-2.831416
-2.92103
-2.891056
-2.742722
-2.482101
-2.119862
-1.670836
-1.153406
-0.588755
0.0
0.520945
1.02606
1.5
1.928363
2.298133
2.598076
2.819078
2.954423
3.0
2.954423
2.819078
2.598076
2.298133
1.928363
1.5
1.02606
0.520945
0.0
-0.520945
-1.02606
-1.5
-1.928363
-2.298133
-2.598076
-2.819078
-2.954423
-3.0
-2.954423
-2.819078
-2.598076
-2.298133
-1.928363
-1.5
-1.02606
-0.520945
0.0
0.588755
1.153406
1.670836
2.119862
2.482101
2.742722
2.891056
2.92103
2.831416
2.625884
2.312848
1.905124
1.419403
0.875572
0.295895
-0.295895
-0.875572
-1.419403
-1.905124
-2.312848
-2.625884
-2.831416
-2.92103
-2.891056
-2.742722
-2.482101
-2.119862
-1.670836
-1.153406
-0.588755
0.0
0.646848
1.256103
1.792359
2.224449
2.527262
2.683199
2.683199
2.527262
2.224449
1.792359
1.256103
0.646848
0.0
-0.646848
-1.256103
-1.792359
-2.224449
-2.527262
-2.683199
-2.683199
-2.527262
-2.224449
-1.792359
-1.256103
-0.646848
0.0
0.691347
1.321264
1.833781
2.183359
2.338936
2.286688
2.031258
1.595341
1.017672
0.349578
-0.349578
-1.017672
-1.595341
-2.031258
-2.286688
-2.338936
-2.183359
-1.833781
-1.321264
-0.691347
0.0
0.715798
1.322622
1.728088
1.870469
1.728088
1.322622
0.715798
0.0
-0.715798
-1.322622
-1.728088
-1.870469
-1.728088
-1.322622
-0.715798
0.0
0.703726
1.184024
1.288402
0.983722
0.366718
-0.366718
-0.983722
-1.288402
-1.184024
-0.703726
0.0
0.578126
0.578126
0.0
-0.578126
-0.578126
0.0
