1.809176
3.463457
4.609122
3.029081
1.210674
0.809687
1.351787
5.826868
7.084769
7.024755
6.450021
4.557954
1.859131
0.610247
0.121807
-0.064083
0.741285
2.581206
6.821249
7.419134
7.806012
8.111845
8.645795
8.267286
6.623443
3.921289
1.322281
0.128887
-0.280911
-0.767038
-0.767639
0.069204
1.655712
5.071676
5.433409
5.663048
6.605848
7.571682
8.90548
9.827865
9.735224
8.920492
7.599141
5.666584
3.18306
0.913039
-0.314008
-0.703485
-1.165732
-1.527121
-1.384136
-0.545883
0.941058
3.981824
5.534361
2.998249
3.082654
4.099163
5.925793
7.906892
9.522151
9.96833
9.489762
8.645319
7.78236
6.952077
5.952813
4.453489
2.424632
0.445668
-0.773409
-1.200145
-1.57449
-2.033432
-2.205313
-1.928494
-1.05691
0.360064
2.97025
4.184714
3.55095
0.498879
0.703516
1.669746
3.684143
6.34744
8.490642
9.399999
9.13745
8.280723
7.335948
6.54437
5.955478
5.528726
5.151291
4.578769
3.464559
1.743222
-0.071294
-1.270159
-1.720094
-2.053511
-2.505834
-2.792957
-2.764441
-2.345054
-1.401086
-0.069394
2.127491
2.79896
1.861319
0.942113
-1.402096
-0.979419
-0.020261
1.793019
4.622094
7.111029
8.430153
8.509437
7.800984
6.842451
5.960224
5.263295
4.754944
4.410069
4.202211
4.097339
4.006793
3.693093
2.793275
1.215205
-0.545069
-1.744001
-2.201629
-2.532587
-2.9635
-3.26418
-3.322328
-3.094271
-2.501588
-1.522259
-0.263311
1.365663
1.332255
0.236967
-0.767034
-1.339849
-2.596387
-1.768724
-0.103314
3.064292
6.23156
7.627599
7.317675
6.23043
5.139669
4.308111
3.740224
3.390671
3.229666
3.247226
3.39051
3.316861
2.257804
0.085927
-1.870769
-2.583976
-3.047211
-3.4834
-3.582016
-3.264326
-2.462264
-1.37287
0.165193
0.04238
-1.375998
-2.459372
-2.843094
-3.207562
-1.830035
1.106927
4.969261
6.718749
6.225212
4.946003
3.859946
3.142763
2.737824
2.602883
2.754077
3.173017
3.213404
1.467251
-1.33108
-2.686053
-3.120216
-3.310643
-2.97005
-2.207767
-0.879483
-0.881483
-2.513383
-3.602404
-3.77443
-3.271717
-0.963049
3.247975
5.797363
5.445978
4.093043
3.056176
2.498147
2.369675
2.718972
3.468035
3.068027
0.311965
-1.963972
-2.592676
-2.37893
-1.485755
-1.351603
-3.047005
-4.191987
-4.206597
-2.676786
1.021062
4.716731
5.03056
3.750728
2.847835
2.667402
3.284408
3.982882
2.27191
-0.021255
-0.830144
-1.203225
-2.786408
-4.147266
-4.118222
-1.149598
3.117659
4.798027
4.000907
3.618089
4.205945
3.506322
1.110289
-1.00172
-2.967569
-3.267062
1.135711
4.166029
4.48018
4.00732
1.484499
-0.633208
3.021653
