-21.749914
-18.843184
-17.399535
-18.237194
-23.29045
-28.782519
-25.545591
-18.280155
-17.289413
-15.919188
-15.363203
-15.899553
-18.646009
-24.283283
-30.159609
-32.643315
-29.555689
-20.379515
-19.486676
-17.953287
-15.924546
-14.447076
-13.354896
-12.678337
-13.034293
-14.709385
-17.979477
-22.921272
-28.582295
-32.695104
-34.135119
-31.689361
-22.301779
-19.215678
-18.712858
-16.559427
-15.116684
-13.879383
-12.600117
-10.877008
-9.485021
-9.015352
-9.641787
-11.27428
-13.75796
-17.127489
-21.474891
-26.575515
-31.19915
-34.024523
-34.790852
-32.492061
-23.73876
-19.611869
-20.475428
-15.745974
-13.255797
-12.340753
-12.648013
-12.123506
-10.29035
-8.063356
-6.299989
-5.363408
-5.348087
-6.242135
-7.973209
-10.358548
-13.207424
-16.554389
-20.551016
-25.165393
-29.693586
-33.008325
-34.760024
-34.884728
-32.272242
-23.995116
-19.756353
-20.824746
-18.81369
-11.65793
-9.415645
-8.868639
-10.379201
-11.396732
-10.122546
-7.760854
-5.422012
-3.646438
-2.603951
-2.277001
-2.600988
-3.550192
-5.147059
-7.372761
-10.050698
-12.995793
-16.283093
-20.112449
-24.470071
-28.760473
-32.065161
-34.084983
-34.904202
-34.284596
-30.808521
-22.894108
-19.702542
-20.69739
-18.546568
-15.018939
-8.073771
-6.620035
-6.447416
-8.136358
-10.296807
-9.937521
-7.931497
-5.511656
-3.377139
-1.82097
-0.884381
-0.49097
-0.549551
-1.005086
-1.858139
-3.167997
-5.018411
-7.400617
-10.116993
-12.999752
-16.184802
-19.935782
-24.222617
-28.339464
-31.417282
-33.322647
-34.236179
-34.116908
-32.368371
-27.332629
-20.88708
-19.489654
-20.058345
-17.710714
-14.100073
-10.631305
-5.905629
-5.08097
-6.142533
-9.133322
-9.316975
-6.924059
-4.039105
-1.73936
-0.318824
0.329794
0.389958
-0.017501
-0.871389
-2.270798
-4.41996
-7.397539
-10.814614
-14.421415
-18.785581
-24.228761
-29.116025
-31.894282
-32.921859
-32.252382
-28.635051
-21.797736
-18.747222
-19.091644
-16.023263
-11.595542
-8.056984
-4.92423
-4.956271
-7.703896
-9.066541
-6.626706
-3.363832
-0.965048
0.280849
0.638132
0.352047
-0.499113
-2.055497
-4.682081
-8.443859
-12.454455
-16.748251
-22.372204
-27.433345
-29.197619
-27.479991
-22.208971
-18.19492
-17.881616
-14.65823
-9.902243
-6.611782
-4.867296
-6.275597
-8.920856
-7.07559
-3.527651
-0.987459
0.105863
0.12888
-0.702495
-2.574885
-6.017982
-10.498482
-14.399691
-18.085769
-20.614154
-19.927312
-17.554514
-16.535175
-13.792878
-9.09104
-6.045097
-5.782527
-8.398217
-8.11165
-4.567721
-1.845775
-0.986257
-1.688216
-4.128205
-8.541684
-12.659605
-14.870718
-15.557173
-15.161086
-13.284954
-9.091096
-6.229459
-7.808735
-9.213835
-6.460936
-3.83188
-3.912509
-6.949054
-11.253658
-13.179979
-12.793116
-10.066461
-7.39492
-9.857741
-8.782626
-7.448212
-10.022025
-11.750924
-10.141019
-10.471047
