3.0
2.924784
2.924784
2.924784
2.924784
2.924784
2.924784
2.702907
2.702907
2.702907
2.702907
2.702907
2.702907
2.702907
2.702907
2.702907
2.702907
2.702907
2.345494
2.345494
2.345494
2.345494
2.345494
2.345494
2.345494
2.345494
2.345494
2.345494
2.345494
2.345494
2.345494
2.345494
2.345494
2.345494
1.870469
1.870469
1.870469
1.870469
1.870469
1.870469
1.870469
1.870469
1.870469
1.870469
1.870469
1.870469
1.870469
1.870469
1.870469
1.870469
1.870469
1.870469
1.870469
1.870469
1.870469
1.301651
1.301651
1.301651
1.301651
1.301651
1.301651
1.301651
1.301651
1.301651
1.301651
1.301651
1.301651
1.301651
1.301651
1.301651
1.301651
1.301651
1.301651
1.301651
1.301651
1.301651
1.301651
1.301651
1.301651
1.301651
1.301651
0.667563
0.667563
0.667563
0.667563
0.667563
0.667563
0.667563
0.667563
0.667563
0.667563
0.667563
0.667563
0.667563
0.667563
0.667563
0.667563
0.667563
0.667563
0.667563
0.667563
0.667563
0.667563
0.667563
0.667563
0.667563
0.667563
0.667563
0.667563
0.667563
0.667563
0.667563
0.0
0.0
0.0
0.0
0.0
0.0
0.0
0.0
0.0
0.0
0.0
0.0
0.0
0.0
0.0
0.0
0.0
0.0
0.0
0.0
0.0
0.0
0.0
0.0
0.0
0.0
0.0
0.0
0.0
0.0
0.0
0.0
0.0
0.0
0.0
0.0
-0.667563
-0.667563
-0.667563
-0.667563
-0.667563
-0.667563
-0.667563
-0.667563
-0.667563
-0.667563
-0.667563
-0.667563
-0.667563
-0.667563
-0.667563
-0.667563
-0.667563
-0.667563
-0.667563
-0.667563
-0.667563
-0.667563
-0.667563
-0.667563
-0.667563
-0.667563
-0.667563
-0.667563
-0.667563
-0.667563
-0.667563
-1.301651
-1.301651
-1.301651
-1.301651
-1.301651
-1.301651
-1.301651
-1.301651
-1.301651
-1.301651
-1.301651
-1.301651
-1.301651
-1.301651
-1.301651
-1.301651
-1.301651
-1.301651
-1.301651
-1.301651
-1.301651
-1.301651
-1.301651
-1.301651
-1.301651
-1.301651
-1.870469
-1.870469
-1.870469
-1.870469
-1.870469
-1.870469
-1.870469
-1.870469
-1.870469
-1.870469
-1.870469
-1.870469
-1.870469
-1.870469
-1.870469
-1.870469
-1.870469
-1.870469
-1.870469
-1.870469
-1.870469
-2.345494
-2.345494
-2.345494
-2.345494
-2.345494
-2.345494
-2.345494
-2.345494
-2.345494
-2.345494
-2.345494
-2.345494
-2.345494
-2.345494
-2.345494
-2.345494
-2.702907
-2.702907
-2.702907
-2.702907
-2.702907
-2.702907
-2.702907
-2.702907
-2.702907
-2.702907
-2.702907
-2.924784
-2.924784
-2.924784
-2.924784
-2.924784
-2.924784
-3.0
