0.0
0.667563
0.333781
-0.333781
-0.667563
-0.333781
0.333781
1.301651
1.095019
0.540725
-0.185244
-0.8524
-1.248925
-1.248925
-0.8524
-0.185244
0.540725
1.095019
1.870469
1.728088
1.322622
0.715798
0.0
-0.715798
-1.322622
-1.728088
-1.870469
-1.728088
-1.322622
-0.715798
-0.0
0.715798
1.322622
1.728088
2.345494
2.241291
1.937938
1.462392
0.856905
0.175279
-0.521922
-1.172747
-1.719369
-2.113217
-2.319297
-2.319297
-2.113217
-1.719369
-1.172747
-0.521922
0.175279
0.856905
1.462392
1.937938
2.241291
2.702907
2.624365
2.393305
2.023155
1.535426
0.958464
0.325799
-0.325799
-0.958464
-1.535426
-2.023155
-2.393305
-2.624365
-2.702907
-2.624365
-2.393305
-2.023155
-1.535426
-0.958464
-0.325799
0.325799
0.958464
1.535426
2.023155
2.393305
2.624365
2.924784
2.864913
2.687753
2.400556
2.015079
1.547105
1.015793
0.442894
-0.148138
-0.733104
-1.288058
-1.790278
-2.219203
-2.557275
-2.790651
-2.909778
-2.909778
-2.790651
-2.557275
-2.219203
-1.790278
-1.288058
-0.733104
-0.148138
0.442894
1.015793
1.547105
2.015079
2.400556
2.687753
2.864913
3.0
2.954423
2.819078
2.598076
2.298133
1.928363
1.5
1.02606
0.520945
0.0
-0.520945
-1.02606
-1.5
-1.928363
-2.298133
-2.598076
-2.819078
-2.954423
-3.0
-2.954423
-2.819078
-2.598076
-2.298133
-1.928363
-1.5
-1.02606
-0.520945
-0.0
0.520945
1.02606
1.5
1.928363
2.298133
2.598076
2.819078
2.954423
2.924784
2.864913
2.687753
2.400556
2.015079
1.547105
1.015793
0.442894
-0.148138
-0.733104
-1.288058
-1.790278
-2.219203
-2.557275
-2.790651
-2.909778
-2.909778
-2.790651
-2.557275
-2.219203
-1.790278
-1.288058
-0.733104
-0.148138
0.442894
1.015793
1.547105
2.015079
2.400556
2.687753
2.864913
2.702907
2.624365
2.393305
2.023155
1.535426
0.958464
0.325799
-0.325799
-0.958464
-1.535426
-2.023155
-2.393305
-2.624365
-2.702907
-2.624365
-2.393305
-2.023155
-1.535426
-0.958464
-0.325799
0.325799
0.958464
1.535426
2.023155
2.393305
2.624365
2.345494
2.241291
1.937938
1.462392
0.856905
0.175279
-0.521922
-1.172747
-1.719369
-2.113217
-2.319297
-2.319297
-2.113217
-1.719369
-1.172747
-0.521922
0.175279
0.856905
1.462392
1.937938
2.241291
1.870469
1.728088
1.322622
0.715798
0.0
-0.715798
-1.322622
-1.728088
-1.870469
-1.728088
-1.322622
-0.715798
-0.0
0.715798
1.322622
1.728088
1.301651
1.095019
0.540725
-0.185244
-0.8524
-1.248925
-1.248925
-0.8524
-0.185244
0.540725
1.095019
0.667563
0.333781
-0.333781
-0.667563
-0.333781
0.333781
0.0
