24.633802
27.654692
27.250586
23.93801
22.138657
23.202296
25.400051
32.865983
33.559918
29.467374
25.278414
22.270131
20.107398
19.559715
20.801358
23.054529
25.671904
28.193139
39.522844
39.887837
35.503038
29.366087
25.372715
22.911104
21.045241
19.247805
17.771494
17.509345
18.64681
20.655347
23.134668
25.821734
28.149024
34.05222
44.075089
43.74037
40.226824
33.183489
27.694189
24.708337
22.885548
21.565863
20.404925
19.125679
17.63939
16.459397
16.261314
17.176788
18.91519
21.068082
23.492488
26.059621
28.249747
33.92398
41.232339
45.991588
44.968739
42.240792
36.245161
29.727135
26.126764
24.085261
22.692138
21.606361
20.722686
19.96515
19.166479
18.114516
16.851029
15.894577
15.749037
16.498201
17.959497
19.808031
21.8702
24.129156
26.472853
28.491773
33.840634
41.65363
45.264917
45.722039
44.333647
42.075997
37.663226
31.403924
27.359647
25.120035
23.623567
22.408184
21.347727
20.465437
19.805605
19.357656
19.007211
18.528984
17.724646
16.704077
15.949584
15.88122
16.561454
17.820595
19.386989
21.113318
22.994465
25.029103
27.045413
28.912928
34.279296
41.80352
45.448536
46.332754
44.348865
42.972822
40.994854
37.592662
32.436455
28.378589
26.022198
24.485065
23.238488
22.086848
21.022762
20.107205
19.401627
18.943026
18.729996
18.699309
18.694621
18.483353
17.917283
17.143081
16.587433
16.626591
17.322366
18.471567
19.801229
21.2165
22.742014
24.396858
26.122856
27.651388
29.771752
35.455275
42.01854
45.14053
45.861394
45.364491
42.66176
40.851602
37.890267
32.829995
28.297854
25.774207
24.121524
22.665415
21.281324
20.068921
19.144322
18.586388
18.426608
18.616357
18.946448
19.013704
18.559877
17.928895
17.886293
18.83735
20.331809
21.847777
23.430662
25.146235
26.81421
28.585191
33.633025
41.128408
44.475696
44.777523
43.952993
40.831516
38.337955
33.822324
28.688821
25.783176
23.938888
22.264629
20.723613
19.514192
18.791359
18.637786
19.023985
19.653907
19.909228
19.651861
19.644435
20.736772
22.536226
24.20943
25.784574
27.415353
31.365417
39.009179
43.104888
43.376766
42.412839
38.83616
35.189573
29.681399
26.074668
23.990795
22.170797
20.621894
19.648984
19.440519
19.980668
20.788883
21.204422
21.735271
22.870606
24.495035
26.352571
29.504127
35.933843
41.128698
41.822549
40.816403
36.511198
31.442877
26.765384
24.31517
22.474856
21.163735
20.79469
21.374631
22.227432
23.512784
25.713599
28.38722
32.803555
38.268272
39.988027
39.101928
33.566357
28.137765
24.928772
23.190375
22.493951
22.962436
24.506682
28.212522
33.286401
36.984392
36.895147
30.163231
25.976726
24.357324
25.104232
29.062988
32.618034
27.232689
