-0.789326
3.445963
0.403035
-1.251185
-3.06494
-0.415174
-1.087196
-0.722129
-2.392488
-0.709146
-0.369683
1.430741
0.917518
-2.195511
-0.748767
1.135157
-0.968226
-1.0995
-3.349586
-2.478861
-2.545457
-0.476152
0.713174
-0.023854
3.99385
-0.092309
-0.842299
0.663851
-0.930652
-1.575494
1.697704
0.249477
-1.713268
-0.984117
-2.935448
0.814144
0.440903
1.303645
-0.527213
-0.274542
-0.950162
-1.855358
-1.198683
-2.126479
-1.987587
1.426358
0.88627
3.831611
-0.752923
-1.800248
0.189701
-2.678754
0.6408
-3.050576
-1.608593
-0.626906
-0.876454
-2.670496
-0.156252
0.45939
0.378098
1.194873
-0.449286
-0.852319
-0.204246
1.753193
1.959931
-0.685516
0.673392
0.570665
-0.118799
-2.914999
-1.858859
-0.930362
-1.256282
0.964773
-2.559675
1.147959
0.630215
0.879111
-0.889297
-1.478799
0.252403
-0.50752
2.087835
0.512421
-0.016159
-0.500031
1.970063
-1.299901
0.129266
-0.427268
0.382408
-2.246667
-1.649252
-1.851165
0.693062
-0.391331
-0.19335
1.958569
0.329622
0.344521
0.716457
-0.413426
-0.094367
0.885175
0.121969
-0.281008
-2.555337
-1.191513
-2.647265
-1.80111
2.512455
0.414628
1.716901
-0.865371
-0.272888
1.717462
-0.311283
-0.504274
1.068686
-1.705428
2.290361
0.558434
1.481519
1.267616
-0.82689
1.736171
0.399804
2.167328
1.282976
3.821802
-1.655485
-2.175965
-3.719536
0.179336
