0.433358
-0.990561
2.470025
0.20355
0.826554
0.815259
-3.357988
0.956212
2.142272
-0.116152
-2.63913
-0.248819
-1.169074
0.125273
-2.48505
-0.128744
-1.80036
0.033424
-0.651277
0.448261
-2.734547
-1.908242
-1.222037
-0.718545
0.933469
1.977763
1.17415
-0.862225
1.923474
0.252617
2.878675
-0.943949
-1.62026
-3.361621
0.884667
-3.786326
1.942531
-0.087523
-0.248079
1.300568
1.098853
1.799019
0.576486
0.824919
1.349005
0.327143
-0.159314
-0.714831
-0.42844
1.291162
0.070194
2.469408
1.918757
-0.301454
-0.996585
0.821608
-0.164876
3.350632
-1.836682
-1.481021
3.24982
-1.328508
-0.252028
3.614462
-1.347401
0.008961
-3.942655
-0.2477
-2.821836
-0.445804
1.946766
0.177141
-1.573194
1.051467
2.741051
0.370183
1.724441
-0.504088
2.366791
0.456602
-0.195809
-1.937869
-0.390494
0.744672
2.555325
-1.712925
-1.859943
-0.09538
-0.204145
-0.727818
1.017519
0.66627
-1.741098
-1.675992
-0.272776
2.11575
0.911581
2.24403
0.026522
0.43116
-3.965099
-1.101015
2.186845
1.900828
2.501129
-2.780028
0.01786
1.777418
1.286827
0.279174
-0.148414
-0.819583
1.403391
1.764425
1.205896
0.934701
-0.98431
0.519965
1.651839
0.650782
-0.355478
-0.111568
0.237329
1.136735
-1.17325
2.750751
0.354002
-3.446156
2.65113
0.487775
1.216697
0.144147
-1.571998
0.63497
0.790791
-1.658491
