-0.634664
1.796153
-1.212827
-0.630195
-1.691656
0.195884
-1.093838
-2.330575
3.010994
-0.04246
0.600959
-0.520672
2.240837
0.984781
1.679429
1.025449
-0.53121
0.413483
0.026938
0.78354
0.052586
3.893869
-3.822503
-0.018254
-2.937139
-0.517048
0.58202
0.821448
-0.863275
-1.728946
0.620091
0.491042
-0.933518
-1.77811
-3.486154
1.205094
0.981266
1.904019
-0.879915
0.228077
0.009315
2.37102
2.832333
-1.357485
-1.845677
-1.013952
-2.337246
-0.990949
-2.654931
-2.858518
0.933721
0.081368
-1.244697
0.937614
-3.535572
-1.892454
-1.798837
1.777339
-0.486954
0.031804
3.073905
0.923747
-3.884181
-0.025258
1.236076
0.319118
0.044169
0.529354
0.584431
2.491892
2.480903
2.022781
-0.418706
-3.392862
-3.677521
2.145489
-3.725691
1.575883
0.234892
-1.865022
-0.960905
2.547465
-0.419071
0.107053
0.171722
-0.021984
0.865683
0.325995
-2.649524
-1.878123
-0.456077
0.053297
-0.53013
-2.475468
-1.903426
-1.497962
0.196562
0.577617
3.878742
-0.567024
-1.716602
0.112098
-0.113351
-1.028491
-0.405124
-0.443687
-0.495983
0.355207
-1.107373
0.060162
0.94504
1.567168
-0.830839
-1.034737
-1.096827
0.092634
0.835935
2.541039
0.691628
-0.568323
0.770085
-0.302817
-0.406528
2.672536
0.367961
1.665816
-2.537241
0.843049
-1.853461
1.456143
0.964199
1.958643
2.289129
1.261822
0.881225
0.619032
