-12.430506
-8.961924
-7.540147
-11.02992
-14.489899
-14.935122
-12.767588
-4.452701
-1.561504
-1.583255
-4.607257
-9.969511
-14.321457
-16.208641
-16.483109
-15.455085
-13.085427
-9.136896
-0.377845
2.255058
2.9726
2.187888
0.230756
-3.160822
-8.164072
-13.012712
-15.784487
-17.028454
-17.301369
-16.758253
-15.391016
-13.052209
-9.396921
-4.621921
2.526401
4.38308
4.840945
4.365161
3.344267
1.957036
0.142221
-2.486661
-6.372327
-10.887578
-14.35266
-16.320484
-17.304297
-17.610572
-17.339641
-16.499584
-15.030643
-12.762829
-9.386832
-5.006
-0.768693
4.170939
5.342582
5.570787
5.186288
4.443276
3.497063
2.422659
1.220885
-0.210657
-2.149402
-4.980287
-8.615083
-12.166765
-14.729032
-16.278615
-17.126208
-17.462107
-17.362764
-16.843773
-15.878345
-14.385597
-12.196437
-9.083243
-5.213048
-1.398124
1.854359
4.7872
5.6794
5.44241
4.616437
3.518715
2.292178
0.940037
-0.751182
-3.403016
-7.446371
-11.765248
-14.744469
-16.273288
-16.831299
-16.642011
-15.727998
-13.953553
-10.968735
-6.543522
-1.780662
2.229071
4.62087
5.346354
4.721181
3.546952
2.171038
0.561571
-1.984923
-6.469085
-11.451842
-14.467536
-15.449058
-14.968077
-12.984447
-8.949743
-3.393531
1.577942
3.746858
4.483222
3.514627
1.925647
-0.658737
-5.577735
-10.605903
-12.455852
-10.886326
-6.024073
-0.15853
2.022899
2.71223
0.370451
-4.465545
-6.643072
-2.762129
-0.770919
