-26.797906
-26.462074
-24.777016
-25.184639
-26.197842
-27.299094
-27.819436
-24.841181
-22.207833
-20.838427
-21.371165
-23.20747
-24.714241
-25.815569
-27.014836
-28.096064
-28.547727
-27.532454
-22.683365
-19.711331
-17.317342
-16.140444
-16.527661
-18.383924
-20.847276
-22.96038
-24.318533
-25.48811
-26.687261
-27.824281
-28.707076
-29.027309
-28.174784
-25.706554
-20.524678
-17.556071
-15.006045
-13.193859
-12.27834
-12.376538
-13.599333
-15.89774
-18.62834
-21.073948
-22.87612
-24.169214
-25.321937
-26.449458
-27.520945
-28.451813
-29.112613
-29.265029
-28.424905
-26.233984
-23.462108
-18.704063
-16.057415
-13.750637
-11.928422
-10.658646
-9.986418
-9.960144
-10.645502
-12.118502
-14.370129
-17.023081
-19.4901
-21.548609
-23.089579
-24.281304
-25.337195
-26.338488
-27.284277
-28.136491
-28.830759
-29.258118
-29.206214
-28.294358
-26.347187
-23.951385
-21.411878
-17.492208
-14.347531
-11.827494
-10.085077
-9.192241
-9.223932
-10.298989
-12.560575
-15.838806
-19.130589
-21.846616
-23.805453
-25.254048
-26.502116
-27.614234
-28.51736
-29.018752
-28.668188
-26.808531
-23.966021
-20.856501
-17.014619
-13.47117
-10.985137
-9.778488
-10.00679
-11.90073
-15.51334
-19.535082
-22.839172
-25.100401
-26.667418
-27.834842
-28.363096
-27.39218
-24.501755
-20.9583
-17.322927
-13.600328
-11.822932
-12.535632
-15.969773
-20.440537
-24.078954
-26.247753
-26.904793
-25.202384
-21.649004
-18.377355
-15.461329
-17.098155
-21.357907
-23.848758
-22.435694
-19.888675
