0.0
0.0
0.80285
0.80285
0.0
-0.80285
-0.80285
0.0
0.953342
1.604005
1.745407
1.332655
0.496795
-0.496795
-1.332655
-1.745407
-1.604005
-0.953342
0.0
0.928792
1.716184
2.242303
2.427051
2.242303
1.716184
0.928792
0.0
-0.928792
-1.716184
-2.242303
-2.427051
-2.242303
-1.716184
-0.928792
0.0
0.840986
1.607248
2.230698
2.655941
2.845192
2.781635
2.470917
1.940648
1.237944
0.425243
-0.425243
-1.237944
-1.940648
-2.470917
-2.781635
-2.845192
-2.655941
-2.230698
-1.607248
-0.840986
0.0
0.717947
1.39417
1.989368
2.468952
2.805049
2.978127
2.978127
2.805049
2.468952
1.989368
1.39417
0.717947
0.0
-0.717947
-1.39417
-1.989368
-2.468952
-2.805049
-2.978127
-2.978127
-2.805049
-2.468952
-1.989368
-1.39417
-0.717947
0.0
0.840986
1.607248
2.230698
2.655941
2.845192
2.781635
2.470917
1.940648
1.237944
0.425243
-0.425243
-1.237944
-1.940648
-2.470917
-2.781635
-2.845192
-2.655941
-2.230698
-1.607248
-0.840986
0.0
0.928792
1.716184
2.242303
2.427051
2.242303
1.716184
0.928792
0.0
-0.928792
-1.716184
-2.242303
-2.427051
-2.242303
-1.716184
-0.928792
0.0
0.953342
1.604005
1.745407
1.332655
0.496795
-0.496795
-1.332655
-1.745407
-1.604005
-0.953342
0.0
0.80285
0.80285
0.0
-0.80285
-0.80285
0.0
