0.0
0.927051
0.463525
-0.463525
-0.927051
-0.463525
0.463525
1.763356
1.483429
0.732524
-0.250952
-1.154752
-1.691927
-1.691927
-1.154752
-0.250952
0.732524
1.483429
2.427051
2.242303
1.716184
0.928792
0.0
-0.928792
-1.716184
-2.242303
-2.427051
-2.242303
-1.716184
-0.928792
-0.0
0.928792
1.716184
2.242303
2.85317
2.726411
2.357399
1.778922
1.04238
0.213218
-0.63489
-1.426585
-2.091521
-2.570617
-2.821302
-2.821302
-2.570617
-2.091521
-1.426585
-0.63489
0.213218
1.04238
1.778922
2.357399
2.726411
3.0
2.912825
2.656368
2.245532
1.704194
1.063815
0.36161
-0.36161
-1.063815
-1.704194
-2.245532
-2.656368
-2.912825
-3.0
-2.912825
-2.656368
-2.245532
-1.704194
-1.063815
-0.36161
0.36161
1.063815
1.704194
2.245532
2.656368
2.912825
2.85317
2.726411
2.357399
1.778922
1.04238
0.213218
-0.63489
-1.426585
-2.091521
-2.570617
-2.821302
-2.821302
-2.570617
-2.091521
-1.426585
-0.63489
0.213218
1.04238
1.778922
2.357399
2.726411
2.427051
2.242303
1.716184
0.928792
0.0
-0.928792
-1.716184
-2.242303
-2.427051
-2.242303
-1.716184
-0.928792
-0.0
0.928792
1.716184
2.242303
1.763356
1.483429
0.732524
-0.250952
-1.154752
-1.691927
-1.691927
-1.154752
-0.250952
0.732524
1.483429
0.927051
0.463525
-0.463525
-0.927051
-0.463525
0.463525
0.0
