11.708293
10.421143
9.483724
10.645786
11.769402
12.286746
12.072901
8.174446
7.980824
8.486854
8.38128
9.418976
10.776967
11.447958
11.999176
12.370923
12.132932
10.532921
7.263458
8.794503
10.273887
10.840754
10.326024
8.757699
8.121683
9.316918
10.186111
10.791509
11.370626
11.882406
12.154317
11.866605
10.405933
7.84472
7.767529
9.635064
10.956322
11.590281
11.761784
11.603728
10.916744
9.261813
7.499234
7.712832
8.7178
9.444556
10.041553
10.615385
11.149754
11.564117
11.716793
11.34326
9.940652
7.504649
6.491361
8.371151
9.884052
10.80203
11.184144
11.24906
11.198628
11.135136
11.006046
10.536954
9.272105
7.391005
6.568461
7.21647
8.084302
8.756988
9.328504
9.863979
10.363978
10.789808
11.069061
11.076073
10.573483
9.169133
6.99332
5.867191
6.671119
8.59346
10.073281
10.603975
10.57499
10.420605
10.369426
10.323421
9.67956
7.640107
5.910116
6.559687
7.719969
8.577274
9.281624
9.881467
10.293368
10.29577
9.387389
7.030254
5.345693
6.446823
8.442281
9.919566
10.176479
10.031909
9.984652
9.70291
7.788921
5.398564
6.292718
7.772693
8.729129
9.316741
9.251548
7.617672
5.094146
5.888714
7.92616
9.609086
9.857109
9.596341
7.725917
4.982898
6.214837
7.630045
7.586851
5.459381
5.081306
6.916438
8.624133
7.291913
4.697214
5.04497
4.550345
5.505058
