3.0
2.85317
2.85317
2.85317
2.85317
2.85317
2.85317
2.427051
2.427051
2.427051
2.427051
2.427051
2.427051
2.427051
2.427051
2.427051
2.427051
2.427051
1.763356
1.763356
1.763356
1.763356
1.763356
1.763356
1.763356
1.763356
1.763356
1.763356
1.763356
1.763356
1.763356
1.763356
1.763356
1.763356
0.927051
0.927051
0.927051
0.927051
0.927051
0.927051
0.927051
0.927051
0.927051
0.927051
0.927051
0.927051
0.927051
0.927051
0.927051
0.927051
0.927051
0.927051
0.927051
0.927051
0.927051
0.0
0.0
0.0
0.0
0.0
0.0
0.0
0.0
0.0
0.0
0.0
0.0
0.0
0.0
0.0
0.0
0.0
0.0
0.0
0.0
0.0
0.0
0.0
0.0
0.0
0.0
-0.927051
-0.927051
-0.927051
-0.927051
-0.927051
-0.927051
-0.927051
-0.927051
-0.927051
-0.927051
-0.927051
-0.927051
-0.927051
-0.927051
-0.927051
-0.927051
-0.927051
-0.927051
-0.927051
-0.927051
-0.927051
-1.763356
-1.763356
-1.763356
-1.763356
-1.763356
-1.763356
-1.763356
-1.763356
-1.763356
-1.763356
-1.763356
-1.763356
-1.763356
-1.763356
-1.763356
-1.763356
-2.427051
-2.427051
-2.427051
-2.427051
-2.427051
-2.427051
-2.427051
-2.427051
-2.427051
-2.427051
-2.427051
-2.85317
-2.85317
-2.85317
-2.85317
-2.85317
-2.85317
-3.0
